TABLE NO.  1
 ID          TIME        CRCL        CL          CP
  1.0000E+00  0.0000E+00  1.0000E+02  1.1000E+00  0.0000E+00
  1.0000E+00  0.0000E+00  1.0000E+02  1.1000E+00  0.0000E+00
  1.0000E+00  1.0000E+00  1.0000E+02  1.1000E+00  3.7544E+03
  1.0000E+00  2.0000E+00  1.0000E+02  1.1000E+00  4.3912E+03
  1.0000E+00  3.0000E+00  1.0000E+02  1.1000E+00  4.3432E+03
  1.0000E+00  4.0000E+00  1.0000E+02  1.1000E+00  4.1525E+03
  1.0000E+00  5.0000E+00  1.0000E+02  1.1000E+00  3.9395E+03
  1.0000E+00  6.0000E+00  1.0000E+02  1.1000E+00  3.7308E+03
  1.0000E+00  7.0000E+00  1.0000E+02  1.1000E+00  3.5316E+03
  1.0000E+00  8.0000E+00  1.0000E+02  1.1000E+00  3.3427E+03
  1.0000E+00  9.0000E+00  1.0000E+02  1.1000E+00  3.1639E+03
  1.0000E+00  1.0000E+01  1.0000E+02  1.1000E+00  2.9945E+03
  1.0000E+00  1.1000E+01  1.0000E+02  1.1000E+00  2.8343E+03
  1.0000E+00  1.2000E+01  1.0000E+02  1.1000E+00  2.6826E+03
  1.0000E+00  1.3000E+01  1.0000E+02  1.1000E+00  6.2935E+03
  1.0000E+00  1.4000E+01  1.0000E+02  1.1000E+00  6.7944E+03
  1.0000E+00  1.5000E+01  3.0000E+01  3.3000E-01  6.8747E+03
  1.0000E+00  1.6000E+01  3.0000E+01  3.3000E-01  6.8049E+03
  1.0000E+00  1.7000E+01  3.0000E+01  3.3000E-01  6.7030E+03
  1.0000E+00  1.8000E+01  3.0000E+01  3.3000E-01  6.5955E+03
  1.0000E+00  1.9000E+01  3.0000E+01  3.3000E-01  6.4880E+03
  1.0000E+00  2.0000E+01  3.0000E+01  3.3000E-01  6.3820E+03
  1.0000E+00  2.1000E+01  3.0000E+01  3.3000E-01  6.2775E+03
  1.0000E+00  2.2000E+01  3.0000E+01  3.3000E-01  6.1748E+03
  1.0000E+00  2.3000E+01  3.0000E+01  3.3000E-01  6.0738E+03
  1.0000E+00  2.4000E+01  3.0000E+01  3.3000E-01  5.9744E+03
  1.0000E+00  2.5000E+01  3.0000E+01  3.3000E-01  5.8766E+03
  1.0000E+00  2.6000E+01  3.0000E+01  3.3000E-01  5.7804E+03
  1.0000E+00  2.7000E+01  3.0000E+01  3.3000E-01  5.6858E+03
  1.0000E+00  2.8000E+01  3.0000E+01  3.3000E-01  5.5928E+03
  1.0000E+00  2.9000E+01  3.0000E+01  3.3000E-01  5.5013E+03
  1.0000E+00  3.0000E+01  3.0000E+01  3.3000E-01  5.4112E+03
  1.0000E+00  3.1000E+01  3.0000E+01  3.3000E-01  5.3227E+03
  1.0000E+00  3.2000E+01  3.0000E+01  3.3000E-01  5.2356E+03
  1.0000E+00  3.3000E+01  3.0000E+01  3.3000E-01  5.1499E+03
  1.0000E+00  3.4000E+01  3.0000E+01  3.3000E-01  5.0656E+03
  1.0000E+00  3.5000E+01  3.0000E+01  3.3000E-01  4.9827E+03
  1.0000E+00  3.6000E+01  3.0000E+01  3.3000E-01  4.9012E+03
  1.0000E+00  3.7000E+01  3.0000E+01  3.3000E-01  4.8210E+03
  1.0000E+00  3.8000E+01  3.0000E+01  3.3000E-01  4.7421E+03
  1.0000E+00  3.9000E+01  3.0000E+01  3.3000E-01  4.6645E+03
  1.0000E+00  4.0000E+01  3.0000E+01  3.3000E-01  4.5882E+03
  1.0000E+00  4.1000E+01  3.0000E+01  3.3000E-01  4.5131E+03
  1.0000E+00  4.2000E+01  3.0000E+01  3.3000E-01  4.4392E+03
  1.0000E+00  4.3000E+01  3.0000E+01  3.3000E-01  4.3666E+03
  1.0000E+00  4.4000E+01  3.0000E+01  3.3000E-01  4.2951E+03
  1.0000E+00  4.5000E+01  3.0000E+01  3.3000E-01  4.2248E+03
  1.0000E+00  4.6000E+01  3.0000E+01  3.3000E-01  4.1557E+03
  1.0000E+00  4.7000E+01  3.0000E+01  3.3000E-01  4.0877E+03
  1.0000E+00  4.8000E+01  3.0000E+01  3.3000E-01  4.0208E+03
