TABLE NO.  1
 ID          TIME        WT          CL          CP
  1.0000E+00  0.0000E+00  6.2650E+01  1.0122E+00  0.0000E+00
  1.0000E+00  0.0000E+00  6.2650E+01  1.0122E+00  0.0000E+00
  1.0000E+00  4.0000E+00  7.9430E+01  1.2094E+00  4.0778E+03
  1.0000E+00  8.0000E+00  7.1210E+01  1.1142E+00  3.2735E+03
  1.0000E+00  1.2000E+01  6.3350E+01  1.0207E+00  2.6691E+03
  1.0000E+00  1.6000E+01  6.9550E+01  1.0947E+00  2.1442E+03
  1.0000E+00  2.0000E+01  6.0810E+01  9.8981E-01  1.7591E+03
  1.0000E+00  2.4000E+01  6.1290E+01  9.9566E-01  1.4415E+03
  1.0000E+00  2.8000E+01  7.5540E+01  1.1647E+00  5.2501E+03
  1.0000E+00  3.2000E+01  6.5740E+01  1.0494E+00  4.2665E+03
  1.0000E+00  3.6000E+01  7.4440E+01  1.1519E+00  3.3886E+03
  1.0000E+00  4.0000E+01  6.1900E+01  1.0031E+00  2.7727E+03
  1.0000E+00  4.4000E+01  6.8500E+01  1.0823E+00  2.2330E+03
  1.0000E+00  4.8000E+01  6.0350E+01  9.8419E-01  1.8340E+03
  1.0000E+00  5.2000E+01  7.3740E+01  1.1438E+00  5.5814E+03
  1.0000E+00  5.6000E+01  6.2310E+01  1.0081E+00  4.5727E+03
  1.0000E+00  6.0000E+01  7.9520E+01  1.2104E+00  3.5896E+03
  1.0000E+00  6.4000E+01  7.8900E+01  1.2033E+00  2.8218E+03
  1.0000E+00  6.8000E+01  6.9270E+01  1.0914E+00  2.2685E+03
  1.0000E+00  7.2000E+01  6.5270E+01  1.0438E+00  1.8411E+03
  1.0000E+00  7.6000E+01  6.9640E+01  1.0958E+00  5.6341E+03
  1.0000E+00  8.0000E+01  7.5200E+01  1.1607E+00  4.4771E+03
  1.0000E+00  8.4000E+01  7.9490E+01  1.2101E+00  3.5148E+03
  1.0000E+00  8.8000E+01  6.8430E+01  1.0814E+00  2.8312E+03
  1.0000E+00  9.2000E+01  7.1580E+01  1.1186E+00  2.2636E+03
  1.0000E+00  9.6000E+01  7.5060E+01  1.1591E+00  1.7953E+03
  1.0000E+00  1.0000E+02  7.6300E+01  1.1734E+00  1.4197E+03
  1.0000E+00  1.0400E+02  6.5660E+01  1.0484E+00  1.1512E+03
  1.0000E+00  1.0800E+02  7.4370E+01  1.1511E+00  9.1443E+02
  1.0000E+00  1.1200E+02  7.7980E+01  1.1928E+00  7.2036E+02
  1.0000E+00  1.1600E+02  6.6360E+01  1.0568E+00  5.8312E+02
  1.0000E+00  1.2000E+02  6.5990E+01  1.0524E+00  4.7244E+02
  1.0000E+00  1.2400E+02  6.5310E+01  1.0442E+00  3.8339E+02
  1.0000E+00  1.2800E+02  7.2240E+01  1.1263E+00  3.0607E+02
