TABLE NO.  1
 ID          TIME        IPRED       CP          DV          PRED
  1.0000E+00  0.0000E+00  0.0000E+00  0.0000E+00  0.0000E+00  0.0000E+00
  1.0000E+00  0.0000E+00  0.0000E+00  0.0000E+00  0.0000E+00  0.0000E+00
  1.0000E+00  5.0000E-01  4.8613E+00  4.8613E+00  4.8613E+00  2.5978E+00
  1.0000E+00  1.0000E+00  6.2501E+00  6.2501E+00  6.2501E+00  3.7544E+00
  1.0000E+00  1.5000E+00  6.6387E+00  6.6387E+00  6.6387E+00  4.2322E+00
  1.0000E+00  2.0000E+00  6.7391E+00  6.7391E+00  6.7391E+00  4.3912E+00
  1.0000E+00  2.5000E+00  6.7566E+00  6.7566E+00  6.7566E+00  4.4015E+00
  1.0000E+00  3.0000E+00  6.7503E+00  6.7503E+00  6.7503E+00  4.3432E+00
  1.0000E+00  3.5000E+00  6.7370E+00  6.7370E+00  6.7370E+00  4.2542E+00
  1.0000E+00  4.0000E+00  6.7219E+00  6.7219E+00  6.7219E+00  4.1525E+00
  1.0000E+00  4.5000E+00  6.7062E+00  6.7062E+00  6.7062E+00  4.0463E+00
  1.0000E+00  5.0000E+00  6.6904E+00  6.6904E+00  6.6904E+00  3.9395E+00
  1.0000E+00  5.5000E+00  6.6745E+00  6.6745E+00  6.6745E+00  3.8341E+00
  1.0000E+00  6.0000E+00  6.6587E+00  6.6587E+00  6.6587E+00  3.7308E+00
  1.0000E+00  6.5000E+00  6.6429E+00  6.6429E+00  6.6429E+00  3.6299E+00
  1.0000E+00  7.0000E+00  6.6272E+00  6.6272E+00  6.6272E+00  3.5316E+00
  1.0000E+00  7.5000E+00  6.6115E+00  6.6115E+00  6.6115E+00  3.4359E+00
  1.0000E+00  8.0000E+00  6.5958E+00  6.5958E+00  6.5958E+00  3.3427E+00
  1.0000E+00  8.5000E+00  6.5802E+00  6.5802E+00  6.5802E+00  3.2521E+00
  1.0000E+00  9.0000E+00  6.5646E+00  6.5646E+00  6.5646E+00  3.1639E+00
  1.0000E+00  9.5000E+00  6.5490E+00  6.5490E+00  6.5490E+00  3.0780E+00
  1.0000E+00  1.0000E+01  6.5335E+00  6.5335E+00  6.5335E+00  2.9945E+00
  1.0000E+00  1.0500E+01  6.5180E+00  6.5180E+00  6.5180E+00  2.9133E+00
  1.0000E+00  1.1000E+01  6.5026E+00  6.5026E+00  6.5026E+00  2.8343E+00
  1.0000E+00  1.1500E+01  6.4872E+00  6.4872E+00  6.4872E+00  2.7574E+00
  1.0000E+00  1.2000E+01  6.4718E+00  6.4718E+00  6.4718E+00  2.6826E+00
  1.0000E+00  1.2500E+01  6.4565E+00  6.4565E+00  6.4565E+00  2.6099E+00
  1.0000E+00  1.3000E+01  6.4412E+00  6.4412E+00  6.4412E+00  2.5391E+00
  1.0000E+00  1.3500E+01  6.4259E+00  6.4259E+00  6.4259E+00  2.4702E+00
  1.0000E+00  1.4000E+01  6.4107E+00  6.4107E+00  6.4107E+00  2.4032E+00
  1.0000E+00  1.4500E+01  6.3955E+00  6.3955E+00  6.3955E+00  2.3380E+00
  1.0000E+00  1.5000E+01  6.3803E+00  6.3803E+00  6.3803E+00  2.2746E+00
  1.0000E+00  1.5500E+01  6.3652E+00  6.3652E+00  6.3652E+00  2.2129E+00
  1.0000E+00  1.6000E+01  6.3501E+00  6.3501E+00  6.3501E+00  2.1529E+00
  1.0000E+00  1.6500E+01  6.3351E+00  6.3351E+00  6.3351E+00  2.0945E+00
  1.0000E+00  1.7000E+01  6.3200E+00  6.3200E+00  6.3200E+00  2.0376E+00
  1.0000E+00  1.7500E+01  6.3051E+00  6.3051E+00  6.3051E+00  1.9824E+00
  1.0000E+00  1.8000E+01  6.2901E+00  6.2901E+00  6.2901E+00  1.9286E+00
  1.0000E+00  1.8500E+01  6.2752E+00  6.2752E+00  6.2752E+00  1.8763E+00
  1.0000E+00  1.9000E+01  6.2603E+00  6.2603E+00  6.2603E+00  1.8254E+00
  1.0000E+00  1.9500E+01  6.2455E+00  6.2455E+00  6.2455E+00  1.7759E+00
  1.0000E+00  2.0000E+01  6.2307E+00  6.2307E+00  6.2307E+00  1.7277E+00
  1.0000E+00  2.0500E+01  6.2159E+00  6.2159E+00  6.2159E+00  1.6808E+00
  1.0000E+00  2.1000E+01  6.2012E+00  6.2012E+00  6.2012E+00  1.6352E+00
  1.0000E+00  2.1500E+01  6.1865E+00  6.1865E+00  6.1865E+00  1.5909E+00
  1.0000E+00  2.2000E+01  6.1719E+00  6.1719E+00  6.1719E+00  1.5477E+00
  1.0000E+00  2.2500E+01  6.1572E+00  6.1572E+00  6.1572E+00  1.5058E+00
  1.0000E+00  2.3000E+01  6.1426E+00  6.1426E+00  6.1426E+00  1.4649E+00
  1.0000E+00  2.3500E+01  6.1281E+00  6.1281E+00  6.1281E+00  1.4252E+00
  1.0000E+00  2.4000E+01  6.1136E+00  6.1136E+00  6.1136E+00  1.3865E+00
