TABLE NO.  1
 TIME        EVID        CP          IPRED       PRED        DV
  0.0000E+00  0.0000E+00  0.0000E+00  0.0000E+00  0.0000E+00  0.0000E+00
  0.0000E+00  1.0000E+00  0.0000E+00  0.0000E+00  0.0000E+00  0.0000E+00
  1.0000E+00  0.0000E+00  2.5367E+03  2.5367E+03  2.5367E+03  2.5367E+03
  2.0000E+00  0.0000E+00  3.0195E+03  3.0195E+03  3.0195E+03  3.0195E+03
  3.0000E+00  0.0000E+00  3.0468E+03  3.0468E+03  3.0468E+03  3.0468E+03
  4.0000E+00  0.0000E+00  2.9751E+03  2.9751E+03  2.9751E+03  2.9751E+03
  5.0000E+00  0.0000E+00  2.8838E+03  2.8838E+03  2.8838E+03  2.8838E+03
  6.0000E+00  0.0000E+00  2.7907E+03  2.7907E+03  2.7907E+03  2.7907E+03
  7.0000E+00  0.0000E+00  2.6995E+03  2.6995E+03  2.6995E+03  2.6995E+03
  8.0000E+00  0.0000E+00  2.6111E+03  2.6111E+03  2.6111E+03  2.6111E+03
  9.0000E+00  0.0000E+00  2.5255E+03  2.5255E+03  2.5255E+03  2.5255E+03
  1.0000E+01  0.0000E+00  2.4427E+03  2.4427E+03  2.4427E+03  2.4427E+03
  1.1000E+01  0.0000E+00  2.3626E+03  2.3626E+03  2.3626E+03  2.3626E+03
  1.2000E+01  0.0000E+00  2.2852E+03  2.2852E+03  2.2852E+03  2.2852E+03
  1.3000E+01  0.0000E+00  4.7469E+03  4.7469E+03  4.7469E+03  4.7469E+03
  1.4000E+01  0.0000E+00  5.1573E+03  5.1573E+03  5.1573E+03  5.1573E+03
  1.5000E+01  0.0000E+00  5.1145E+03  5.1145E+03  5.1145E+03  5.1145E+03
  1.6000E+01  0.0000E+00  4.9750E+03  4.9750E+03  4.9750E+03  4.9750E+03
  1.7000E+01  0.0000E+00  4.8182E+03  4.8182E+03  4.8182E+03  4.8182E+03
  1.8000E+01  0.0000E+00  4.6617E+03  4.6617E+03  4.6617E+03  4.6617E+03
  1.9000E+01  0.0000E+00  4.5091E+03  4.5091E+03  4.5091E+03  4.5091E+03
  2.0000E+01  0.0000E+00  4.3614E+03  4.3614E+03  4.3614E+03  4.3614E+03
  2.1000E+01  0.0000E+00  4.2184E+03  4.2184E+03  4.2184E+03  4.2184E+03
  2.2000E+01  0.0000E+00  4.0801E+03  4.0801E+03  4.0801E+03  4.0801E+03
  2.3000E+01  0.0000E+00  3.9464E+03  3.9464E+03  3.9464E+03  3.9464E+03
  2.4000E+01  0.0000E+00  3.8170E+03  3.8170E+03  3.8170E+03  3.8170E+03
  2.5000E+01  0.0000E+00  6.2285E+03  6.2285E+03  6.2285E+03  6.2285E+03
  2.6000E+01  0.0000E+00  6.5903E+03  6.5903E+03  6.5903E+03  6.5903E+03
  2.7000E+01  0.0000E+00  6.5006E+03  6.5006E+03  6.5006E+03  6.5006E+03
  2.8000E+01  0.0000E+00  6.3156E+03  6.3156E+03  6.3156E+03  6.3156E+03
  2.9000E+01  0.0000E+00  6.1149E+03  6.1149E+03  6.1149E+03  6.1149E+03
  3.0000E+01  0.0000E+00  5.9158E+03  5.9158E+03  5.9158E+03  5.9158E+03
  3.1000E+01  0.0000E+00  5.7222E+03  5.7222E+03  5.7222E+03  5.7222E+03
  3.2000E+01  0.0000E+00  5.5346E+03  5.5346E+03  5.5346E+03  5.5346E+03
  3.3000E+01  0.0000E+00  5.3532E+03  5.3532E+03  5.3532E+03  5.3532E+03
  3.4000E+01  0.0000E+00  5.1777E+03  5.1777E+03  5.1777E+03  5.1777E+03
  3.5000E+01  0.0000E+00  5.0080E+03  5.0080E+03  5.0080E+03  5.0080E+03
  3.6000E+01  0.0000E+00  4.8438E+03  4.8438E+03  4.8438E+03  4.8438E+03
  3.7000E+01  0.0000E+00  7.2216E+03  7.2216E+03  7.2216E+03  7.2216E+03
  3.8000E+01  0.0000E+00  7.5509E+03  7.5509E+03  7.5509E+03  7.5509E+03
  3.9000E+01  0.0000E+00  7.4296E+03  7.4296E+03  7.4296E+03  7.4296E+03
  4.0000E+01  0.0000E+00  7.2142E+03  7.2142E+03  7.2142E+03  7.2142E+03
  4.1000E+01  0.0000E+00  6.9840E+03  6.9840E+03  6.9840E+03  6.9840E+03
  4.2000E+01  0.0000E+00  6.7565E+03  6.7565E+03  6.7565E+03  6.7565E+03
  4.3000E+01  0.0000E+00  6.5353E+03  6.5353E+03  6.5353E+03  6.5353E+03
  4.4000E+01  0.0000E+00  6.3211E+03  6.3211E+03  6.3211E+03  6.3211E+03
  4.5000E+01  0.0000E+00  6.1139E+03  6.1139E+03  6.1139E+03  6.1139E+03
  4.6000E+01  0.0000E+00  5.9134E+03  5.9134E+03  5.9134E+03  5.9134E+03
  4.7000E+01  0.0000E+00  5.7196E+03  5.7196E+03  5.7196E+03  5.7196E+03
  4.8000E+01  0.0000E+00  5.5321E+03  5.5321E+03  5.5321E+03  5.5321E+03
  4.9000E+01  0.0000E+00  5.3507E+03  5.3507E+03  5.3507E+03  5.3507E+03
  5.0000E+01  0.0000E+00  5.1753E+03  5.1753E+03  5.1753E+03  5.1753E+03
  5.1000E+01  0.0000E+00  5.0056E+03  5.0056E+03  5.0056E+03  5.0056E+03
  5.2000E+01  0.0000E+00  4.8415E+03  4.8415E+03  4.8415E+03  4.8415E+03
  5.3000E+01  0.0000E+00  4.6828E+03  4.6828E+03  4.6828E+03  4.6828E+03
  5.4000E+01  0.0000E+00  4.5293E+03  4.5293E+03  4.5293E+03  4.5293E+03
  5.5000E+01  0.0000E+00  4.3808E+03  4.3808E+03  4.3808E+03  4.3808E+03
  5.6000E+01  0.0000E+00  4.2372E+03  4.2372E+03  4.2372E+03  4.2372E+03
  5.7000E+01  0.0000E+00  4.0983E+03  4.0983E+03  4.0983E+03  4.0983E+03
  5.8000E+01  0.0000E+00  3.9639E+03  3.9639E+03  3.9639E+03  3.9639E+03
  5.9000E+01  0.0000E+00  3.8339E+03  3.8339E+03  3.8339E+03  3.8339E+03
  6.0000E+01  0.0000E+00  3.7083E+03  3.7083E+03  3.7083E+03  3.7083E+03
  6.1000E+01  0.0000E+00  3.5867E+03  3.5867E+03  3.5867E+03  3.5867E+03
  6.2000E+01  0.0000E+00  3.4691E+03  3.4691E+03  3.4691E+03  3.4691E+03
  6.3000E+01  0.0000E+00  3.3554E+03  3.3554E+03  3.3554E+03  3.3554E+03
  6.4000E+01  0.0000E+00  3.2454E+03  3.2454E+03  3.2454E+03  3.2454E+03
  6.5000E+01  0.0000E+00  3.1390E+03  3.1390E+03  3.1390E+03  3.1390E+03
  6.6000E+01  0.0000E+00  3.0361E+03  3.0361E+03  3.0361E+03  3.0361E+03
  6.7000E+01  0.0000E+00  2.9365E+03  2.9365E+03  2.9365E+03  2.9365E+03
  6.8000E+01  0.0000E+00  2.8403E+03  2.8403E+03  2.8403E+03  2.8403E+03
  6.9000E+01  0.0000E+00  2.7471E+03  2.7471E+03  2.7471E+03  2.7471E+03
  7.0000E+01  0.0000E+00  2.6571E+03  2.6571E+03  2.6571E+03  2.6571E+03
  7.1000E+01  0.0000E+00  2.5700E+03  2.5700E+03  2.5700E+03  2.5700E+03
  7.2000E+01  0.0000E+00  2.4857E+03  2.4857E+03  2.4857E+03  2.4857E+03
  0.0000E+00  0.0000E+00  0.0000E+00  0.0000E+00  0.0000E+00  0.0000E+00
  0.0000E+00  1.0000E+00  0.0000E+00  0.0000E+00  0.0000E+00  0.0000E+00
  1.0000E+00  0.0000E+00  3.2784E+02  3.2784E+02  3.2784E+02  3.2784E+02
  2.0000E+00  0.0000E+00  6.4493E+02  6.4493E+02  6.4493E+02  6.4493E+02
  3.0000E+00  0.0000E+00  9.5163E+02  9.5163E+02  9.5163E+02  9.5163E+02
  4.0000E+00  0.0000E+00  1.2483E+03  1.2483E+03  1.2483E+03  1.2483E+03
  5.0000E+00  0.0000E+00  1.5352E+03  1.5352E+03  1.5352E+03  1.5352E+03
  6.0000E+00  0.0000E+00  1.8127E+03  1.8127E+03  1.8127E+03  1.8127E+03
  7.0000E+00  0.0000E+00  2.0811E+03  2.0811E+03  2.0811E+03  2.0811E+03
  8.0000E+00  0.0000E+00  2.3407E+03  2.3407E+03  2.3407E+03  2.3407E+03
  9.0000E+00  0.0000E+00  2.5918E+03  2.5918E+03  2.5918E+03  2.5918E+03
  1.0000E+01  0.0000E+00  2.8347E+03  2.8347E+03  2.8347E+03  2.8347E+03
  1.1000E+01  0.0000E+00  2.7418E+03  2.7418E+03  2.7418E+03  2.7418E+03
  1.2000E+01  0.0000E+00  2.6519E+03  2.6519E+03  2.6519E+03  2.6519E+03
  1.3000E+01  0.0000E+00  2.8928E+03  2.8928E+03  2.8928E+03  2.8928E+03
  1.4000E+01  0.0000E+00  3.1258E+03  3.1258E+03  3.1258E+03  3.1258E+03
  1.5000E+01  0.0000E+00  3.3511E+03  3.3511E+03  3.3511E+03  3.3511E+03
  1.6000E+01  0.0000E+00  3.5691E+03  3.5691E+03  3.5691E+03  3.5691E+03
  1.7000E+01  0.0000E+00  3.7799E+03  3.7799E+03  3.7799E+03  3.7799E+03
  1.8000E+01  0.0000E+00  3.9839E+03  3.9839E+03  3.9839E+03  3.9839E+03
  1.9000E+01  0.0000E+00  4.1811E+03  4.1811E+03  4.1811E+03  4.1811E+03
  2.0000E+01  0.0000E+00  4.3719E+03  4.3719E+03  4.3719E+03  4.3719E+03
  2.1000E+01  0.0000E+00  4.5564E+03  4.5564E+03  4.5564E+03  4.5564E+03
  2.2000E+01  0.0000E+00  4.7348E+03  4.7348E+03  4.7348E+03  4.7348E+03
  2.3000E+01  0.0000E+00  4.5796E+03  4.5796E+03  4.5796E+03  4.5796E+03
  2.4000E+01  0.0000E+00  4.4295E+03  4.4295E+03  4.4295E+03  4.4295E+03
  2.5000E+01  0.0000E+00  4.6121E+03  4.6121E+03  4.6121E+03  4.6121E+03
  2.6000E+01  0.0000E+00  4.7887E+03  4.7887E+03  4.7887E+03  4.7887E+03
  2.7000E+01  0.0000E+00  4.9596E+03  4.9596E+03  4.9596E+03  4.9596E+03
  2.8000E+01  0.0000E+00  5.1248E+03  5.1248E+03  5.1248E+03  5.1248E+03
  2.9000E+01  0.0000E+00  5.2846E+03  5.2846E+03  5.2846E+03  5.2846E+03
  3.0000E+01  0.0000E+00  5.4392E+03  5.4392E+03  5.4392E+03  5.4392E+03
  3.1000E+01  0.0000E+00  5.5888E+03  5.5888E+03  5.5888E+03  5.5888E+03
  3.2000E+01  0.0000E+00  5.7334E+03  5.7334E+03  5.7334E+03  5.7334E+03
  3.3000E+01  0.0000E+00  5.8733E+03  5.8733E+03  5.8733E+03  5.8733E+03
  3.4000E+01  0.0000E+00  6.0085E+03  6.0085E+03  6.0085E+03  6.0085E+03
  3.5000E+01  0.0000E+00  5.8116E+03  5.8116E+03  5.8116E+03  5.8116E+03
  3.6000E+01  0.0000E+00  5.6210E+03  5.6210E+03  5.6210E+03  5.6210E+03
  3.7000E+01  0.0000E+00  5.7646E+03  5.7646E+03  5.7646E+03  5.7646E+03
  3.8000E+01  0.0000E+00  5.9034E+03  5.9034E+03  5.9034E+03  5.9034E+03
  3.9000E+01  0.0000E+00  6.0377E+03  6.0377E+03  6.0377E+03  6.0377E+03
  4.0000E+01  0.0000E+00  6.1676E+03  6.1676E+03  6.1676E+03  6.1676E+03
  4.1000E+01  0.0000E+00  6.2933E+03  6.2933E+03  6.2933E+03  6.2933E+03
  4.2000E+01  0.0000E+00  6.4148E+03  6.4148E+03  6.4148E+03  6.4148E+03
  4.3000E+01  0.0000E+00  6.5323E+03  6.5323E+03  6.5323E+03  6.5323E+03
  4.4000E+01  0.0000E+00  6.6460E+03  6.6460E+03  6.6460E+03  6.6460E+03
  4.5000E+01  0.0000E+00  6.7560E+03  6.7560E+03  6.7560E+03  6.7560E+03
  4.6000E+01  0.0000E+00  6.8623E+03  6.8623E+03  6.8623E+03  6.8623E+03
  4.7000E+01  0.0000E+00  6.6374E+03  6.6374E+03  6.6374E+03  6.6374E+03
  4.8000E+01  0.0000E+00  6.4198E+03  6.4198E+03  6.4198E+03  6.4198E+03
  4.9000E+01  0.0000E+00  6.2093E+03  6.2093E+03  6.2093E+03  6.2093E+03
  5.0000E+01  0.0000E+00  6.0057E+03  6.0057E+03  6.0057E+03  6.0057E+03
  5.1000E+01  0.0000E+00  5.8088E+03  5.8088E+03  5.8088E+03  5.8088E+03
  5.2000E+01  0.0000E+00  5.6184E+03  5.6184E+03  5.6184E+03  5.6184E+03
  5.3000E+01  0.0000E+00  5.4342E+03  5.4342E+03  5.4342E+03  5.4342E+03
  5.4000E+01  0.0000E+00  5.2561E+03  5.2561E+03  5.2561E+03  5.2561E+03
  5.5000E+01  0.0000E+00  5.0837E+03  5.0837E+03  5.0837E+03  5.0837E+03
  5.6000E+01  0.0000E+00  4.9171E+03  4.9171E+03  4.9171E+03  4.9171E+03
  5.7000E+01  0.0000E+00  4.7559E+03  4.7559E+03  4.7559E+03  4.7559E+03
  5.8000E+01  0.0000E+00  4.6000E+03  4.6000E+03  4.6000E+03  4.6000E+03
  5.9000E+01  0.0000E+00  4.4492E+03  4.4492E+03  4.4492E+03  4.4492E+03
  6.0000E+01  0.0000E+00  4.3033E+03  4.3033E+03  4.3033E+03  4.3033E+03
  6.1000E+01  0.0000E+00  4.1622E+03  4.1622E+03  4.1622E+03  4.1622E+03
  6.2000E+01  0.0000E+00  4.0258E+03  4.0258E+03  4.0258E+03  4.0258E+03
  6.3000E+01  0.0000E+00  3.8938E+03  3.8938E+03  3.8938E+03  3.8938E+03
  6.4000E+01  0.0000E+00  3.7661E+03  3.7661E+03  3.7661E+03  3.7661E+03
  6.5000E+01  0.0000E+00  3.6427E+03  3.6427E+03  3.6427E+03  3.6427E+03
  6.6000E+01  0.0000E+00  3.5232E+03  3.5232E+03  3.5232E+03  3.5232E+03
  6.7000E+01  0.0000E+00  3.4077E+03  3.4077E+03  3.4077E+03  3.4077E+03
  6.8000E+01  0.0000E+00  3.2960E+03  3.2960E+03  3.2960E+03  3.2960E+03
  6.9000E+01  0.0000E+00  3.1880E+03  3.1880E+03  3.1880E+03  3.1880E+03
  7.0000E+01  0.0000E+00  3.0834E+03  3.0834E+03  3.0834E+03  3.0834E+03
  7.1000E+01  0.0000E+00  2.9824E+03  2.9824E+03  2.9824E+03  2.9824E+03
  7.2000E+01  0.0000E+00  2.8846E+03  2.8846E+03  2.8846E+03  2.8846E+03
  0.0000E+00  0.0000E+00  0.0000E+00  0.0000E+00  0.0000E+00  0.0000E+00
  0.0000E+00  1.0000E+00  0.0000E+00  0.0000E+00  0.0000E+00  0.0000E+00
  1.0000E+00  0.0000E+00  0.0000E+00  0.0000E+00  0.0000E+00  0.0000E+00
  2.0000E+00  0.0000E+00  0.0000E+00  0.0000E+00  0.0000E+00  0.0000E+00
  3.0000E+00  0.0000E+00  0.0000E+00  0.0000E+00  0.0000E+00  0.0000E+00
  4.0000E+00  0.0000E+00  0.0000E+00  0.0000E+00  0.0000E+00  0.0000E+00
  5.0000E+00  0.0000E+00  0.0000E+00  0.0000E+00  0.0000E+00  0.0000E+00
  6.0000E+00  0.0000E+00  3.2784E+02  3.2784E+02  3.2784E+02  3.2784E+02
  7.0000E+00  0.0000E+00  6.4493E+02  6.4493E+02  6.4493E+02  6.4493E+02
  8.0000E+00  0.0000E+00  9.5163E+02  9.5163E+02  9.5163E+02  9.5163E+02
  9.0000E+00  0.0000E+00  1.2483E+03  1.2483E+03  1.2483E+03  1.2483E+03
  1.0000E+01  0.0000E+00  1.5352E+03  1.5352E+03  1.5352E+03  1.5352E+03
  1.1000E+01  0.0000E+00  1.8127E+03  1.8127E+03  1.8127E+03  1.8127E+03
  1.2000E+01  0.0000E+00  2.0811E+03  2.0811E+03  2.0811E+03  2.0811E+03
  1.3000E+01  0.0000E+00  2.3407E+03  2.3407E+03  2.3407E+03  2.3407E+03
  1.4000E+01  0.0000E+00  2.5918E+03  2.5918E+03  2.5918E+03  2.5918E+03
  1.5000E+01  0.0000E+00  2.8347E+03  2.8347E+03  2.8347E+03  2.8347E+03
  1.6000E+01  0.0000E+00  2.7418E+03  2.7418E+03  2.7418E+03  2.7418E+03
  1.7000E+01  0.0000E+00  2.6519E+03  2.6519E+03  2.6519E+03  2.6519E+03
  1.8000E+01  0.0000E+00  2.8928E+03  2.8928E+03  2.8928E+03  2.8928E+03
  1.9000E+01  0.0000E+00  3.1258E+03  3.1258E+03  3.1258E+03  3.1258E+03
  2.0000E+01  0.0000E+00  3.3511E+03  3.3511E+03  3.3511E+03  3.3511E+03
  2.1000E+01  0.0000E+00  3.5691E+03  3.5691E+03  3.5691E+03  3.5691E+03
  2.2000E+01  0.0000E+00  3.7799E+03  3.7799E+03  3.7799E+03  3.7799E+03
  2.3000E+01  0.0000E+00  3.9839E+03  3.9839E+03  3.9839E+03  3.9839E+03
  2.4000E+01  0.0000E+00  4.1811E+03  4.1811E+03  4.1811E+03  4.1811E+03
  2.5000E+01  0.0000E+00  4.3719E+03  4.3719E+03  4.3719E+03  4.3719E+03
  2.6000E+01  0.0000E+00  4.5564E+03  4.5564E+03  4.5564E+03  4.5564E+03
  2.7000E+01  0.0000E+00  4.7348E+03  4.7348E+03  4.7348E+03  4.7348E+03
  2.8000E+01  0.0000E+00  4.5796E+03  4.5796E+03  4.5796E+03  4.5796E+03
  2.9000E+01  0.0000E+00  4.4295E+03  4.4295E+03  4.4295E+03  4.4295E+03
  3.0000E+01  0.0000E+00  4.6121E+03  4.6121E+03  4.6121E+03  4.6121E+03
  3.1000E+01  0.0000E+00  4.7887E+03  4.7887E+03  4.7887E+03  4.7887E+03
  3.2000E+01  0.0000E+00  4.9596E+03  4.9596E+03  4.9596E+03  4.9596E+03
  3.3000E+01  0.0000E+00  5.1248E+03  5.1248E+03  5.1248E+03  5.1248E+03
  3.4000E+01  0.0000E+00  5.2846E+03  5.2846E+03  5.2846E+03  5.2846E+03
  3.5000E+01  0.0000E+00  5.4392E+03  5.4392E+03  5.4392E+03  5.4392E+03
  3.6000E+01  0.0000E+00  5.5888E+03  5.5888E+03  5.5888E+03  5.5888E+03
  3.7000E+01  0.0000E+00  5.7334E+03  5.7334E+03  5.7334E+03  5.7334E+03
  3.8000E+01  0.0000E+00  5.8733E+03  5.8733E+03  5.8733E+03  5.8733E+03
  3.9000E+01  0.0000E+00  6.0085E+03  6.0085E+03  6.0085E+03  6.0085E+03
  4.0000E+01  0.0000E+00  5.8116E+03  5.8116E+03  5.8116E+03  5.8116E+03
  4.1000E+01  0.0000E+00  5.6210E+03  5.6210E+03  5.6210E+03  5.6210E+03
  4.2000E+01  0.0000E+00  5.7646E+03  5.7646E+03  5.7646E+03  5.7646E+03
  4.3000E+01  0.0000E+00  5.9034E+03  5.9034E+03  5.9034E+03  5.9034E+03
  4.4000E+01  0.0000E+00  6.0377E+03  6.0377E+03  6.0377E+03  6.0377E+03
  4.5000E+01  0.0000E+00  6.1676E+03  6.1676E+03  6.1676E+03  6.1676E+03
  4.6000E+01  0.0000E+00  6.2933E+03  6.2933E+03  6.2933E+03  6.2933E+03
  4.7000E+01  0.0000E+00  6.4148E+03  6.4148E+03  6.4148E+03  6.4148E+03
  4.8000E+01  0.0000E+00  6.5323E+03  6.5323E+03  6.5323E+03  6.5323E+03
  4.9000E+01  0.0000E+00  6.6460E+03  6.6460E+03  6.6460E+03  6.6460E+03
  5.0000E+01  0.0000E+00  6.7560E+03  6.7560E+03  6.7560E+03  6.7560E+03
  5.1000E+01  0.0000E+00  6.8623E+03  6.8623E+03  6.8623E+03  6.8623E+03
  5.2000E+01  0.0000E+00  6.6374E+03  6.6374E+03  6.6374E+03  6.6374E+03
  5.3000E+01  0.0000E+00  6.4198E+03  6.4198E+03  6.4198E+03  6.4198E+03
  5.4000E+01  0.0000E+00  6.2093E+03  6.2093E+03  6.2093E+03  6.2093E+03
  5.5000E+01  0.0000E+00  6.0057E+03  6.0057E+03  6.0057E+03  6.0057E+03
  5.6000E+01  0.0000E+00  5.8088E+03  5.8088E+03  5.8088E+03  5.8088E+03
  5.7000E+01  0.0000E+00  5.6184E+03  5.6184E+03  5.6184E+03  5.6184E+03
  5.8000E+01  0.0000E+00  5.4342E+03  5.4342E+03  5.4342E+03  5.4342E+03
  5.9000E+01  0.0000E+00  5.2561E+03  5.2561E+03  5.2561E+03  5.2561E+03
  6.0000E+01  0.0000E+00  5.0837E+03  5.0837E+03  5.0837E+03  5.0837E+03
  6.1000E+01  0.0000E+00  4.9171E+03  4.9171E+03  4.9171E+03  4.9171E+03
  6.2000E+01  0.0000E+00  4.7559E+03  4.7559E+03  4.7559E+03  4.7559E+03
  6.3000E+01  0.0000E+00  4.6000E+03  4.6000E+03  4.6000E+03  4.6000E+03
  6.4000E+01  0.0000E+00  4.4492E+03  4.4492E+03  4.4492E+03  4.4492E+03
  6.5000E+01  0.0000E+00  4.3033E+03  4.3033E+03  4.3033E+03  4.3033E+03
  6.6000E+01  0.0000E+00  4.1622E+03  4.1622E+03  4.1622E+03  4.1622E+03
  6.7000E+01  0.0000E+00  4.0258E+03  4.0258E+03  4.0258E+03  4.0258E+03
  6.8000E+01  0.0000E+00  3.8938E+03  3.8938E+03  3.8938E+03  3.8938E+03
  6.9000E+01  0.0000E+00  3.7661E+03  3.7661E+03  3.7661E+03  3.7661E+03
  7.0000E+01  0.0000E+00  3.6427E+03  3.6427E+03  3.6427E+03  3.6427E+03
  7.1000E+01  0.0000E+00  3.5232E+03  3.5232E+03  3.5232E+03  3.5232E+03
  7.2000E+01  0.0000E+00  3.4077E+03  3.4077E+03  3.4077E+03  3.4077E+03
  0.0000E+00  0.0000E+00  0.0000E+00  0.0000E+00  0.0000E+00  0.0000E+00
  0.0000E+00  1.0000E+00  0.0000E+00  0.0000E+00  0.0000E+00  0.0000E+00
  1.0000E+00  0.0000E+00  0.0000E+00  0.0000E+00  0.0000E+00  0.0000E+00
  2.0000E+00  0.0000E+00  0.0000E+00  0.0000E+00  0.0000E+00  0.0000E+00
  3.0000E+00  0.0000E+00  0.0000E+00  0.0000E+00  0.0000E+00  0.0000E+00
  4.0000E+00  0.0000E+00  0.0000E+00  0.0000E+00  0.0000E+00  0.0000E+00
  5.0000E+00  0.0000E+00  0.0000E+00  0.0000E+00  0.0000E+00  0.0000E+00
  6.0000E+00  0.0000E+00  3.2784E+02  3.2784E+02  3.2784E+02  3.2784E+02
  7.0000E+00  0.0000E+00  6.4493E+02  6.4493E+02  6.4493E+02  6.4493E+02
  8.0000E+00  0.0000E+00  9.5163E+02  9.5163E+02  9.5163E+02  9.5163E+02
  9.0000E+00  0.0000E+00  1.2483E+03  1.2483E+03  1.2483E+03  1.2483E+03
  1.0000E+01  0.0000E+00  1.2461E+03  1.2461E+03  1.2461E+03  1.2461E+03
  1.1000E+01  0.0000E+00  1.2053E+03  1.2053E+03  1.2053E+03  1.2053E+03
  1.2000E+01  0.0000E+00  1.1657E+03  1.1657E+03  1.1657E+03  1.1657E+03
  1.3000E+01  0.0000E+00  1.1275E+03  1.1275E+03  1.1275E+03  1.1275E+03
  1.4000E+01  0.0000E+00  1.0906E+03  1.0906E+03  1.0906E+03  1.0906E+03
  1.5000E+01  0.0000E+00  1.0548E+03  1.0548E+03  1.0548E+03  1.0548E+03
  1.6000E+01  0.0000E+00  1.0202E+03  1.0202E+03  1.0202E+03  1.0202E+03
  1.7000E+01  0.0000E+00  9.8678E+02  9.8678E+02  9.8678E+02  9.8678E+02
  1.8000E+01  0.0000E+00  1.2823E+03  1.2823E+03  1.2823E+03  1.2823E+03
  1.9000E+01  0.0000E+00  1.5681E+03  1.5681E+03  1.5681E+03  1.5681E+03
  2.0000E+01  0.0000E+00  1.8445E+03  1.8445E+03  1.8445E+03  1.8445E+03
  2.1000E+01  0.0000E+00  2.1119E+03  2.1119E+03  2.1119E+03  2.1119E+03
  2.2000E+01  0.0000E+00  2.0814E+03  2.0814E+03  2.0814E+03  2.0814E+03
  2.3000E+01  0.0000E+00  2.0132E+03  2.0132E+03  2.0132E+03  2.0132E+03
  2.4000E+01  0.0000E+00  1.9472E+03  1.9472E+03  1.9472E+03  1.9472E+03
  2.5000E+01  0.0000E+00  1.8833E+03  1.8833E+03  1.8833E+03  1.8833E+03
  2.6000E+01  0.0000E+00  1.8216E+03  1.8216E+03  1.8216E+03  1.8216E+03
  2.7000E+01  0.0000E+00  1.7619E+03  1.7619E+03  1.7619E+03  1.7619E+03
  2.8000E+01  0.0000E+00  1.7041E+03  1.7041E+03  1.7041E+03  1.7041E+03
  2.9000E+01  0.0000E+00  1.6482E+03  1.6482E+03  1.6482E+03  1.6482E+03
  3.0000E+01  0.0000E+00  1.9220E+03  1.9220E+03  1.9220E+03  1.9220E+03
  3.1000E+01  0.0000E+00  2.1869E+03  2.1869E+03  2.1869E+03  2.1869E+03
  3.2000E+01  0.0000E+00  2.4430E+03  2.4430E+03  2.4430E+03  2.4430E+03
  3.3000E+01  0.0000E+00  2.6908E+03  2.6908E+03  2.6908E+03  2.6908E+03
  3.4000E+01  0.0000E+00  2.6413E+03  2.6413E+03  2.6413E+03  2.6413E+03
  3.5000E+01  0.0000E+00  2.5547E+03  2.5547E+03  2.5547E+03  2.5547E+03
  3.6000E+01  0.0000E+00  2.4710E+03  2.4710E+03  2.4710E+03  2.4710E+03
  3.7000E+01  0.0000E+00  2.3900E+03  2.3900E+03  2.3900E+03  2.3900E+03
  3.8000E+01  0.0000E+00  2.3116E+03  2.3116E+03  2.3116E+03  2.3116E+03
  3.9000E+01  0.0000E+00  2.2358E+03  2.2358E+03  2.2358E+03  2.2358E+03
  4.0000E+01  0.0000E+00  2.1625E+03  2.1625E+03  2.1625E+03  2.1625E+03
  4.1000E+01  0.0000E+00  2.0916E+03  2.0916E+03  2.0916E+03  2.0916E+03
  4.2000E+01  0.0000E+00  2.3509E+03  2.3509E+03  2.3509E+03  2.3509E+03
  4.3000E+01  0.0000E+00  2.6017E+03  2.6017E+03  2.6017E+03  2.6017E+03
  4.4000E+01  0.0000E+00  2.8442E+03  2.8442E+03  2.8442E+03  2.8442E+03
  4.5000E+01  0.0000E+00  3.0788E+03  3.0788E+03  3.0788E+03  3.0788E+03
  4.6000E+01  0.0000E+00  3.0166E+03  3.0166E+03  3.0166E+03  3.0166E+03
  4.7000E+01  0.0000E+00  2.9177E+03  2.9177E+03  2.9177E+03  2.9177E+03
  4.8000E+01  0.0000E+00  2.8221E+03  2.8221E+03  2.8221E+03  2.8221E+03
  4.9000E+01  0.0000E+00  2.7296E+03  2.7296E+03  2.7296E+03  2.7296E+03
  5.0000E+01  0.0000E+00  2.6401E+03  2.6401E+03  2.6401E+03  2.6401E+03
  5.1000E+01  0.0000E+00  2.5535E+03  2.5535E+03  2.5535E+03  2.5535E+03
  5.2000E+01  0.0000E+00  2.4698E+03  2.4698E+03  2.4698E+03  2.4698E+03
  5.3000E+01  0.0000E+00  2.3888E+03  2.3888E+03  2.3888E+03  2.3888E+03
  5.4000E+01  0.0000E+00  2.3105E+03  2.3105E+03  2.3105E+03  2.3105E+03
  5.5000E+01  0.0000E+00  2.2348E+03  2.2348E+03  2.2348E+03  2.2348E+03
  5.6000E+01  0.0000E+00  2.1615E+03  2.1615E+03  2.1615E+03  2.1615E+03
  5.7000E+01  0.0000E+00  2.0907E+03  2.0907E+03  2.0907E+03  2.0907E+03
  5.8000E+01  0.0000E+00  2.0221E+03  2.0221E+03  2.0221E+03  2.0221E+03
  5.9000E+01  0.0000E+00  1.9558E+03  1.9558E+03  1.9558E+03  1.9558E+03
  6.0000E+01  0.0000E+00  1.8917E+03  1.8917E+03  1.8917E+03  1.8917E+03
  6.1000E+01  0.0000E+00  1.8297E+03  1.8297E+03  1.8297E+03  1.8297E+03
  6.2000E+01  0.0000E+00  1.7697E+03  1.7697E+03  1.7697E+03  1.7697E+03
  6.3000E+01  0.0000E+00  1.7117E+03  1.7117E+03  1.7117E+03  1.7117E+03
  6.4000E+01  0.0000E+00  1.6556E+03  1.6556E+03  1.6556E+03  1.6556E+03
  6.5000E+01  0.0000E+00  1.6013E+03  1.6013E+03  1.6013E+03  1.6013E+03
  6.6000E+01  0.0000E+00  1.5488E+03  1.5488E+03  1.5488E+03  1.5488E+03
  6.7000E+01  0.0000E+00  1.4980E+03  1.4980E+03  1.4980E+03  1.4980E+03
  6.8000E+01  0.0000E+00  1.4489E+03  1.4489E+03  1.4489E+03  1.4489E+03
  6.9000E+01  0.0000E+00  1.4014E+03  1.4014E+03  1.4014E+03  1.4014E+03
  7.0000E+01  0.0000E+00  1.3555E+03  1.3555E+03  1.3555E+03  1.3555E+03
  7.1000E+01  0.0000E+00  1.3110E+03  1.3110E+03  1.3110E+03  1.3110E+03
  7.2000E+01  0.0000E+00  1.2680E+03  1.2680E+03  1.2680E+03  1.2680E+03
  0.0000E+00  0.0000E+00  0.0000E+00  0.0000E+00  0.0000E+00  0.0000E+00
  0.0000E+00  1.0000E+00  2.9931E+03  2.9931E+03  2.9931E+03  0.0000E+00
  1.0000E+00  0.0000E+00  3.2229E+03  3.2229E+03  3.2229E+03  3.2229E+03
  2.0000E+00  0.0000E+00  3.4450E+03  3.4450E+03  3.4450E+03  3.4450E+03
  3.0000E+00  0.0000E+00  3.6599E+03  3.6599E+03  3.6599E+03  3.6599E+03
  4.0000E+00  0.0000E+00  3.8678E+03  3.8678E+03  3.8678E+03  3.8678E+03
  5.0000E+00  0.0000E+00  3.7798E+03  3.7798E+03  3.7798E+03  3.7798E+03
  6.0000E+00  0.0000E+00  3.6558E+03  3.6558E+03  3.6558E+03  3.6558E+03
  7.0000E+00  0.0000E+00  3.5360E+03  3.5360E+03  3.5360E+03  3.5360E+03
  8.0000E+00  0.0000E+00  3.4201E+03  3.4201E+03  3.4201E+03  3.4201E+03
  9.0000E+00  0.0000E+00  3.3079E+03  3.3079E+03  3.3079E+03  3.3079E+03
  1.0000E+01  0.0000E+00  3.1995E+03  3.1995E+03  3.1995E+03  3.1995E+03
  1.1000E+01  0.0000E+00  3.0946E+03  3.0946E+03  3.0946E+03  3.0946E+03
  1.2000E+01  0.0000E+00  2.9931E+03  2.9931E+03  2.9931E+03  2.9931E+03
  1.3000E+01  0.0000E+00  3.2229E+03  3.2229E+03  3.2229E+03  3.2229E+03
  1.4000E+01  0.0000E+00  3.4450E+03  3.4450E+03  3.4450E+03  3.4450E+03
  1.5000E+01  0.0000E+00  3.6599E+03  3.6599E+03  3.6599E+03  3.6599E+03
  1.6000E+01  0.0000E+00  3.8678E+03  3.8678E+03  3.8678E+03  3.8678E+03
  1.7000E+01  0.0000E+00  3.7798E+03  3.7798E+03  3.7798E+03  3.7798E+03
  1.8000E+01  0.0000E+00  3.6558E+03  3.6558E+03  3.6558E+03  3.6558E+03
  1.9000E+01  0.0000E+00  3.5360E+03  3.5360E+03  3.5360E+03  3.5360E+03
  2.0000E+01  0.0000E+00  3.4201E+03  3.4201E+03  3.4201E+03  3.4201E+03
  2.1000E+01  0.0000E+00  3.3079E+03  3.3079E+03  3.3079E+03  3.3079E+03
  2.2000E+01  0.0000E+00  3.1995E+03  3.1995E+03  3.1995E+03  3.1995E+03
  2.3000E+01  0.0000E+00  3.0946E+03  3.0946E+03  3.0946E+03  3.0946E+03
  2.4000E+01  0.0000E+00  2.9931E+03  2.9931E+03  2.9931E+03  2.9931E+03
  2.5000E+01  0.0000E+00  3.2229E+03  3.2229E+03  3.2229E+03  3.2229E+03
  2.6000E+01  0.0000E+00  3.4450E+03  3.4450E+03  3.4450E+03  3.4450E+03
  2.7000E+01  0.0000E+00  3.6599E+03  3.6599E+03  3.6599E+03  3.6599E+03
  2.8000E+01  0.0000E+00  3.8678E+03  3.8678E+03  3.8678E+03  3.8678E+03
  2.9000E+01  0.0000E+00  3.7798E+03  3.7798E+03  3.7798E+03  3.7798E+03
  3.0000E+01  0.0000E+00  3.6558E+03  3.6558E+03  3.6558E+03  3.6558E+03
  3.1000E+01  0.0000E+00  3.5360E+03  3.5360E+03  3.5360E+03  3.5360E+03
  3.2000E+01  0.0000E+00  3.4201E+03  3.4201E+03  3.4201E+03  3.4201E+03
  3.3000E+01  0.0000E+00  3.3079E+03  3.3079E+03  3.3079E+03  3.3079E+03
  3.4000E+01  0.0000E+00  3.1995E+03  3.1995E+03  3.1995E+03  3.1995E+03
  3.5000E+01  0.0000E+00  3.0946E+03  3.0946E+03  3.0946E+03  3.0946E+03
  3.6000E+01  0.0000E+00  2.9931E+03  2.9931E+03  2.9931E+03  2.9931E+03
  3.7000E+01  0.0000E+00  3.2229E+03  3.2229E+03  3.2229E+03  3.2229E+03
  3.8000E+01  0.0000E+00  3.4450E+03  3.4450E+03  3.4450E+03  3.4450E+03
  3.9000E+01  0.0000E+00  3.6599E+03  3.6599E+03  3.6599E+03  3.6599E+03
  4.0000E+01  0.0000E+00  3.8678E+03  3.8678E+03  3.8678E+03  3.8678E+03
  4.1000E+01  0.0000E+00  3.7798E+03  3.7798E+03  3.7798E+03  3.7798E+03
  4.2000E+01  0.0000E+00  3.6558E+03  3.6558E+03  3.6558E+03  3.6558E+03
  4.3000E+01  0.0000E+00  3.5360E+03  3.5360E+03  3.5360E+03  3.5360E+03
  4.4000E+01  0.0000E+00  3.4201E+03  3.4201E+03  3.4201E+03  3.4201E+03
  4.5000E+01  0.0000E+00  3.3079E+03  3.3079E+03  3.3079E+03  3.3079E+03
  4.6000E+01  0.0000E+00  3.1995E+03  3.1995E+03  3.1995E+03  3.1995E+03
  4.7000E+01  0.0000E+00  3.0946E+03  3.0946E+03  3.0946E+03  3.0946E+03
  4.8000E+01  0.0000E+00  2.9931E+03  2.9931E+03  2.9931E+03  2.9931E+03
  4.9000E+01  0.0000E+00  2.8950E+03  2.8950E+03  2.8950E+03  2.8950E+03
  5.0000E+01  0.0000E+00  2.8001E+03  2.8001E+03  2.8001E+03  2.8001E+03
  5.1000E+01  0.0000E+00  2.7083E+03  2.7083E+03  2.7083E+03  2.7083E+03
  5.2000E+01  0.0000E+00  2.6195E+03  2.6195E+03  2.6195E+03  2.6195E+03
  5.3000E+01  0.0000E+00  2.5336E+03  2.5336E+03  2.5336E+03  2.5336E+03
  5.4000E+01  0.0000E+00  2.4506E+03  2.4506E+03  2.4506E+03  2.4506E+03
  5.5000E+01  0.0000E+00  2.3702E+03  2.3702E+03  2.3702E+03  2.3702E+03
  5.6000E+01  0.0000E+00  2.2925E+03  2.2925E+03  2.2925E+03  2.2925E+03
  5.7000E+01  0.0000E+00  2.2174E+03  2.2174E+03  2.2174E+03  2.2174E+03
  5.8000E+01  0.0000E+00  2.1447E+03  2.1447E+03  2.1447E+03  2.1447E+03
  5.9000E+01  0.0000E+00  2.0744E+03  2.0744E+03  2.0744E+03  2.0744E+03
  6.0000E+01  0.0000E+00  2.0064E+03  2.0064E+03  2.0064E+03  2.0064E+03
  6.1000E+01  0.0000E+00  1.9406E+03  1.9406E+03  1.9406E+03  1.9406E+03
  6.2000E+01  0.0000E+00  1.8770E+03  1.8770E+03  1.8770E+03  1.8770E+03
  6.3000E+01  0.0000E+00  1.8154E+03  1.8154E+03  1.8154E+03  1.8154E+03
  6.4000E+01  0.0000E+00  1.7559E+03  1.7559E+03  1.7559E+03  1.7559E+03
  6.5000E+01  0.0000E+00  1.6984E+03  1.6984E+03  1.6984E+03  1.6984E+03
  6.6000E+01  0.0000E+00  1.6427E+03  1.6427E+03  1.6427E+03  1.6427E+03
  6.7000E+01  0.0000E+00  1.5888E+03  1.5888E+03  1.5888E+03  1.5888E+03
  6.8000E+01  0.0000E+00  1.5367E+03  1.5367E+03  1.5367E+03  1.5367E+03
  6.9000E+01  0.0000E+00  1.4864E+03  1.4864E+03  1.4864E+03  1.4864E+03
  7.0000E+01  0.0000E+00  1.4376E+03  1.4376E+03  1.4376E+03  1.4376E+03
  7.1000E+01  0.0000E+00  1.3905E+03  1.3905E+03  1.3905E+03  1.3905E+03
  7.2000E+01  0.0000E+00  1.3449E+03  1.3449E+03  1.3449E+03  1.3449E+03
  0.0000E+00  0.0000E+00  0.0000E+00  0.0000E+00  0.0000E+00  0.0000E+00
  0.0000E+00  1.0000E+00  1.3307E+04  1.3307E+04  1.3307E+04  0.0000E+00
  1.0000E+00  0.0000E+00  1.3527E+04  1.3527E+04  1.3527E+04  1.3527E+04
  2.0000E+00  0.0000E+00  1.3739E+04  1.3739E+04  1.3739E+04  1.3739E+04
  3.0000E+00  0.0000E+00  1.3655E+04  1.3655E+04  1.3655E+04  1.3655E+04
  4.0000E+00  0.0000E+00  1.3535E+04  1.3535E+04  1.3535E+04  1.3535E+04
  5.0000E+00  0.0000E+00  1.3419E+04  1.3419E+04  1.3419E+04  1.3419E+04
  6.0000E+00  0.0000E+00  1.3307E+04  1.3307E+04  1.3307E+04  1.3307E+04
  7.0000E+00  0.0000E+00  1.3527E+04  1.3527E+04  1.3527E+04  1.3527E+04
  8.0000E+00  0.0000E+00  1.3739E+04  1.3739E+04  1.3739E+04  1.3739E+04
  9.0000E+00  0.0000E+00  1.3655E+04  1.3655E+04  1.3655E+04  1.3655E+04
  1.0000E+01  0.0000E+00  1.3535E+04  1.3535E+04  1.3535E+04  1.3535E+04
  1.1000E+01  0.0000E+00  1.3419E+04  1.3419E+04  1.3419E+04  1.3419E+04
  1.2000E+01  0.0000E+00  1.3307E+04  1.3307E+04  1.3307E+04  1.3307E+04
  1.3000E+01  0.0000E+00  1.3527E+04  1.3527E+04  1.3527E+04  1.3527E+04
  1.4000E+01  0.0000E+00  1.3739E+04  1.3739E+04  1.3739E+04  1.3739E+04
  1.5000E+01  0.0000E+00  1.3655E+04  1.3655E+04  1.3655E+04  1.3655E+04
  1.6000E+01  0.0000E+00  1.3535E+04  1.3535E+04  1.3535E+04  1.3535E+04
  1.7000E+01  0.0000E+00  1.3419E+04  1.3419E+04  1.3419E+04  1.3419E+04
  1.8000E+01  0.0000E+00  1.3307E+04  1.3307E+04  1.3307E+04  1.3307E+04
  1.9000E+01  0.0000E+00  1.3527E+04  1.3527E+04  1.3527E+04  1.3527E+04
  2.0000E+01  0.0000E+00  1.3739E+04  1.3739E+04  1.3739E+04  1.3739E+04
  2.1000E+01  0.0000E+00  1.3655E+04  1.3655E+04  1.3655E+04  1.3655E+04
  2.2000E+01  0.0000E+00  1.3535E+04  1.3535E+04  1.3535E+04  1.3535E+04
  2.3000E+01  0.0000E+00  1.3419E+04  1.3419E+04  1.3419E+04  1.3419E+04
  2.4000E+01  0.0000E+00  1.3307E+04  1.3307E+04  1.3307E+04  1.3307E+04
  2.5000E+01  0.0000E+00  1.3199E+04  1.3199E+04  1.3199E+04  1.3199E+04
  2.6000E+01  0.0000E+00  1.3094E+04  1.3094E+04  1.3094E+04  1.3094E+04
  2.7000E+01  0.0000E+00  1.2703E+04  1.2703E+04  1.2703E+04  1.2703E+04
  2.8000E+01  0.0000E+00  1.2287E+04  1.2287E+04  1.2287E+04  1.2287E+04
  2.9000E+01  0.0000E+00  1.1884E+04  1.1884E+04  1.1884E+04  1.1884E+04
  3.0000E+01  0.0000E+00  1.1495E+04  1.1495E+04  1.1495E+04  1.1495E+04
  3.1000E+01  0.0000E+00  1.1118E+04  1.1118E+04  1.1118E+04  1.1118E+04
  3.2000E+01  0.0000E+00  1.0753E+04  1.0753E+04  1.0753E+04  1.0753E+04
  3.3000E+01  0.0000E+00  1.0401E+04  1.0401E+04  1.0401E+04  1.0401E+04
  3.4000E+01  0.0000E+00  1.0060E+04  1.0060E+04  1.0060E+04  1.0060E+04
  3.5000E+01  0.0000E+00  9.7299E+03  9.7299E+03  9.7299E+03  9.7299E+03
  3.6000E+01  0.0000E+00  9.4109E+03  9.4109E+03  9.4109E+03  9.4109E+03
  3.7000E+01  0.0000E+00  9.1024E+03  9.1024E+03  9.1024E+03  9.1024E+03
  3.8000E+01  0.0000E+00  8.8040E+03  8.8040E+03  8.8040E+03  8.8040E+03
  3.9000E+01  0.0000E+00  8.5154E+03  8.5154E+03  8.5154E+03  8.5154E+03
  4.0000E+01  0.0000E+00  8.2362E+03  8.2362E+03  8.2362E+03  8.2362E+03
  4.1000E+01  0.0000E+00  7.9662E+03  7.9662E+03  7.9662E+03  7.9662E+03
  4.2000E+01  0.0000E+00  7.7050E+03  7.7050E+03  7.7050E+03  7.7050E+03
  4.3000E+01  0.0000E+00  7.4524E+03  7.4524E+03  7.4524E+03  7.4524E+03
  4.4000E+01  0.0000E+00  7.2081E+03  7.2081E+03  7.2081E+03  7.2081E+03
  4.5000E+01  0.0000E+00  6.9718E+03  6.9718E+03  6.9718E+03  6.9718E+03
  4.6000E+01  0.0000E+00  6.7432E+03  6.7432E+03  6.7432E+03  6.7432E+03
  4.7000E+01  0.0000E+00  6.5222E+03  6.5222E+03  6.5222E+03  6.5222E+03
  4.8000E+01  0.0000E+00  6.3083E+03  6.3083E+03  6.3083E+03  6.3083E+03
  4.9000E+01  0.0000E+00  6.1015E+03  6.1015E+03  6.1015E+03  6.1015E+03
  5.0000E+01  0.0000E+00  5.9015E+03  5.9015E+03  5.9015E+03  5.9015E+03
  5.1000E+01  0.0000E+00  5.7080E+03  5.7080E+03  5.7080E+03  5.7080E+03
  5.2000E+01  0.0000E+00  5.5209E+03  5.5209E+03  5.5209E+03  5.5209E+03
  5.3000E+01  0.0000E+00  5.3399E+03  5.3399E+03  5.3399E+03  5.3399E+03
  5.4000E+01  0.0000E+00  5.1648E+03  5.1648E+03  5.1648E+03  5.1648E+03
  5.5000E+01  0.0000E+00  4.9955E+03  4.9955E+03  4.9955E+03  4.9955E+03
  5.6000E+01  0.0000E+00  4.8317E+03  4.8317E+03  4.8317E+03  4.8317E+03
  5.7000E+01  0.0000E+00  4.6733E+03  4.6733E+03  4.6733E+03  4.6733E+03
  5.8000E+01  0.0000E+00  4.5201E+03  4.5201E+03  4.5201E+03  4.5201E+03
  5.9000E+01  0.0000E+00  4.3719E+03  4.3719E+03  4.3719E+03  4.3719E+03
  6.0000E+01  0.0000E+00  4.2286E+03  4.2286E+03  4.2286E+03  4.2286E+03
  6.1000E+01  0.0000E+00  4.0900E+03  4.0900E+03  4.0900E+03  4.0900E+03
  6.2000E+01  0.0000E+00  3.9559E+03  3.9559E+03  3.9559E+03  3.9559E+03
  6.3000E+01  0.0000E+00  3.8262E+03  3.8262E+03  3.8262E+03  3.8262E+03
  6.4000E+01  0.0000E+00  3.7008E+03  3.7008E+03  3.7008E+03  3.7008E+03
  6.5000E+01  0.0000E+00  3.5794E+03  3.5794E+03  3.5794E+03  3.5794E+03
  6.6000E+01  0.0000E+00  3.4621E+03  3.4621E+03  3.4621E+03  3.4621E+03
  6.7000E+01  0.0000E+00  3.3486E+03  3.3486E+03  3.3486E+03  3.3486E+03
  6.8000E+01  0.0000E+00  3.2388E+03  3.2388E+03  3.2388E+03  3.2388E+03
  6.9000E+01  0.0000E+00  3.1326E+03  3.1326E+03  3.1326E+03  3.1326E+03
  7.0000E+01  0.0000E+00  3.0299E+03  3.0299E+03  3.0299E+03  3.0299E+03
  7.1000E+01  0.0000E+00  2.9306E+03  2.9306E+03  2.9306E+03  2.9306E+03
  7.2000E+01  0.0000E+00  2.8345E+03  2.8345E+03  2.8345E+03  2.8345E+03
  0.0000E+00  0.0000E+00  0.0000E+00  0.0000E+00  0.0000E+00  0.0000E+00
  0.0000E+00  1.0000E+00  1.6442E+04  1.6442E+04  1.6442E+04  0.0000E+00
  1.0000E+00  0.0000E+00  1.6559E+04  1.6559E+04  1.6559E+04  1.6559E+04
  2.0000E+00  0.0000E+00  1.6672E+04  1.6672E+04  1.6672E+04  1.6672E+04
  3.0000E+00  0.0000E+00  1.6781E+04  1.6781E+04  1.6781E+04  1.6781E+04
  4.0000E+00  0.0000E+00  1.6886E+04  1.6886E+04  1.6886E+04  1.6886E+04
  5.0000E+00  0.0000E+00  1.6660E+04  1.6660E+04  1.6660E+04  1.6660E+04
  6.0000E+00  0.0000E+00  1.6442E+04  1.6442E+04  1.6442E+04  1.6442E+04
  7.0000E+00  0.0000E+00  1.6559E+04  1.6559E+04  1.6559E+04  1.6559E+04
  8.0000E+00  0.0000E+00  1.6672E+04  1.6672E+04  1.6672E+04  1.6672E+04
  9.0000E+00  0.0000E+00  1.6781E+04  1.6781E+04  1.6781E+04  1.6781E+04
  1.0000E+01  0.0000E+00  1.6886E+04  1.6886E+04  1.6886E+04  1.6886E+04
  1.1000E+01  0.0000E+00  1.6660E+04  1.6660E+04  1.6660E+04  1.6660E+04
  1.2000E+01  0.0000E+00  1.6442E+04  1.6442E+04  1.6442E+04  1.6442E+04
  1.3000E+01  0.0000E+00  1.6559E+04  1.6559E+04  1.6559E+04  1.6559E+04
  1.4000E+01  0.0000E+00  1.6672E+04  1.6672E+04  1.6672E+04  1.6672E+04
  1.5000E+01  0.0000E+00  1.6781E+04  1.6781E+04  1.6781E+04  1.6781E+04
  1.6000E+01  0.0000E+00  1.6886E+04  1.6886E+04  1.6886E+04  1.6886E+04
  1.7000E+01  0.0000E+00  1.6660E+04  1.6660E+04  1.6660E+04  1.6660E+04
  1.8000E+01  0.0000E+00  1.6442E+04  1.6442E+04  1.6442E+04  1.6442E+04
  1.9000E+01  0.0000E+00  1.6559E+04  1.6559E+04  1.6559E+04  1.6559E+04
  2.0000E+01  0.0000E+00  1.6672E+04  1.6672E+04  1.6672E+04  1.6672E+04
  2.1000E+01  0.0000E+00  1.6781E+04  1.6781E+04  1.6781E+04  1.6781E+04
  2.2000E+01  0.0000E+00  1.6886E+04  1.6886E+04  1.6886E+04  1.6886E+04
  2.3000E+01  0.0000E+00  1.6660E+04  1.6660E+04  1.6660E+04  1.6660E+04
  2.4000E+01  0.0000E+00  1.6442E+04  1.6442E+04  1.6442E+04  1.6442E+04
  2.5000E+01  0.0000E+00  1.6231E+04  1.6231E+04  1.6231E+04  1.6231E+04
  2.6000E+01  0.0000E+00  1.6027E+04  1.6027E+04  1.6027E+04  1.6027E+04
  2.7000E+01  0.0000E+00  1.5829E+04  1.5829E+04  1.5829E+04  1.5829E+04
  2.8000E+01  0.0000E+00  1.5638E+04  1.5638E+04  1.5638E+04  1.5638E+04
  2.9000E+01  0.0000E+00  1.5125E+04  1.5125E+04  1.5125E+04  1.5125E+04
  3.0000E+01  0.0000E+00  1.4629E+04  1.4629E+04  1.4629E+04  1.4629E+04
  3.1000E+01  0.0000E+00  1.4150E+04  1.4150E+04  1.4150E+04  1.4150E+04
  3.2000E+01  0.0000E+00  1.3686E+04  1.3686E+04  1.3686E+04  1.3686E+04
  3.3000E+01  0.0000E+00  1.3237E+04  1.3237E+04  1.3237E+04  1.3237E+04
  3.4000E+01  0.0000E+00  1.2803E+04  1.2803E+04  1.2803E+04  1.2803E+04
  3.5000E+01  0.0000E+00  1.2384E+04  1.2384E+04  1.2384E+04  1.2384E+04
  3.6000E+01  0.0000E+00  1.1978E+04  1.1978E+04  1.1978E+04  1.1978E+04
  3.7000E+01  0.0000E+00  1.1585E+04  1.1585E+04  1.1585E+04  1.1585E+04
  3.8000E+01  0.0000E+00  1.1205E+04  1.1205E+04  1.1205E+04  1.1205E+04
  3.9000E+01  0.0000E+00  1.0838E+04  1.0838E+04  1.0838E+04  1.0838E+04
  4.0000E+01  0.0000E+00  1.0482E+04  1.0482E+04  1.0482E+04  1.0482E+04
  4.1000E+01  0.0000E+00  1.0139E+04  1.0139E+04  1.0139E+04  1.0139E+04
  4.2000E+01  0.0000E+00  9.8064E+03  9.8064E+03  9.8064E+03  9.8064E+03
  4.3000E+01  0.0000E+00  9.4849E+03  9.4849E+03  9.4849E+03  9.4849E+03
  4.4000E+01  0.0000E+00  9.1740E+03  9.1740E+03  9.1740E+03  9.1740E+03
  4.5000E+01  0.0000E+00  8.8732E+03  8.8732E+03  8.8732E+03  8.8732E+03
  4.6000E+01  0.0000E+00  8.5823E+03  8.5823E+03  8.5823E+03  8.5823E+03
  4.7000E+01  0.0000E+00  8.3009E+03  8.3009E+03  8.3009E+03  8.3009E+03
  4.8000E+01  0.0000E+00  8.0288E+03  8.0288E+03  8.0288E+03  8.0288E+03
  4.9000E+01  0.0000E+00  7.7656E+03  7.7656E+03  7.7656E+03  7.7656E+03
  5.0000E+01  0.0000E+00  7.5110E+03  7.5110E+03  7.5110E+03  7.5110E+03
  5.1000E+01  0.0000E+00  7.2648E+03  7.2648E+03  7.2648E+03  7.2648E+03
  5.2000E+01  0.0000E+00  7.0266E+03  7.0266E+03  7.0266E+03  7.0266E+03
  5.3000E+01  0.0000E+00  6.7962E+03  6.7962E+03  6.7962E+03  6.7962E+03
  5.4000E+01  0.0000E+00  6.5734E+03  6.5734E+03  6.5734E+03  6.5734E+03
  5.5000E+01  0.0000E+00  6.3579E+03  6.3579E+03  6.3579E+03  6.3579E+03
  5.6000E+01  0.0000E+00  6.1495E+03  6.1495E+03  6.1495E+03  6.1495E+03
  5.7000E+01  0.0000E+00  5.9479E+03  5.9479E+03  5.9479E+03  5.9479E+03
  5.8000E+01  0.0000E+00  5.7529E+03  5.7529E+03  5.7529E+03  5.7529E+03
  5.9000E+01  0.0000E+00  5.5643E+03  5.5643E+03  5.5643E+03  5.5643E+03
  6.0000E+01  0.0000E+00  5.3819E+03  5.3819E+03  5.3819E+03  5.3819E+03
  6.1000E+01  0.0000E+00  5.2054E+03  5.2054E+03  5.2054E+03  5.2054E+03
  6.2000E+01  0.0000E+00  5.0348E+03  5.0348E+03  5.0348E+03  5.0348E+03
  6.3000E+01  0.0000E+00  4.8697E+03  4.8697E+03  4.8697E+03  4.8697E+03
  6.4000E+01  0.0000E+00  4.7101E+03  4.7101E+03  4.7101E+03  4.7101E+03
  6.5000E+01  0.0000E+00  4.5557E+03  4.5557E+03  4.5557E+03  4.5557E+03
  6.6000E+01  0.0000E+00  4.4063E+03  4.4063E+03  4.4063E+03  4.4063E+03
  6.7000E+01  0.0000E+00  4.2618E+03  4.2618E+03  4.2618E+03  4.2618E+03
  6.8000E+01  0.0000E+00  4.1221E+03  4.1221E+03  4.1221E+03  4.1221E+03
  6.9000E+01  0.0000E+00  3.9870E+03  3.9870E+03  3.9870E+03  3.9870E+03
  7.0000E+01  0.0000E+00  3.8563E+03  3.8563E+03  3.8563E+03  3.8563E+03
  7.1000E+01  0.0000E+00  3.7299E+03  3.7299E+03  3.7299E+03  3.7299E+03
  7.2000E+01  0.0000E+00  3.6076E+03  3.6076E+03  3.6076E+03  3.6076E+03
  0.0000E+00  0.0000E+00  0.0000E+00  0.0000E+00  0.0000E+00  0.0000E+00
  0.0000E+00  1.0000E+00  1.6667E+04  1.6667E+04  1.6667E+04  0.0000E+00
  1.0000E+00  0.0000E+00  1.6667E+04  1.6667E+04  1.6667E+04  1.6667E+04
  2.0000E+00  0.0000E+00  1.6667E+04  1.6667E+04  1.6667E+04  1.6667E+04
  3.0000E+00  0.0000E+00  1.6667E+04  1.6667E+04  1.6667E+04  1.6667E+04
  4.0000E+00  0.0000E+00  1.6667E+04  1.6667E+04  1.6667E+04  1.6667E+04
  5.0000E+00  0.0000E+00  1.6667E+04  1.6667E+04  1.6667E+04  1.6667E+04
  6.0000E+00  0.0000E+00  1.6667E+04  1.6667E+04  1.6667E+04  1.6667E+04
  7.0000E+00  0.0000E+00  1.6667E+04  1.6667E+04  1.6667E+04  1.6667E+04
  8.0000E+00  0.0000E+00  1.6667E+04  1.6667E+04  1.6667E+04  1.6667E+04
  9.0000E+00  0.0000E+00  1.6667E+04  1.6667E+04  1.6667E+04  1.6667E+04
  1.0000E+01  0.0000E+00  1.6667E+04  1.6667E+04  1.6667E+04  1.6667E+04
  1.1000E+01  0.0000E+00  1.6667E+04  1.6667E+04  1.6667E+04  1.6667E+04
  1.2000E+01  0.0000E+00  1.6667E+04  1.6667E+04  1.6667E+04  1.6667E+04
  1.3000E+01  0.0000E+00  1.6667E+04  1.6667E+04  1.6667E+04  1.6667E+04
  1.4000E+01  0.0000E+00  1.6667E+04  1.6667E+04  1.6667E+04  1.6667E+04
  1.5000E+01  0.0000E+00  1.6667E+04  1.6667E+04  1.6667E+04  1.6667E+04
  1.6000E+01  0.0000E+00  1.6667E+04  1.6667E+04  1.6667E+04  1.6667E+04
  1.7000E+01  0.0000E+00  1.6667E+04  1.6667E+04  1.6667E+04  1.6667E+04
  1.8000E+01  0.0000E+00  1.6667E+04  1.6667E+04  1.6667E+04  1.6667E+04
  1.9000E+01  0.0000E+00  1.6667E+04  1.6667E+04  1.6667E+04  1.6667E+04
  2.0000E+01  0.0000E+00  1.6667E+04  1.6667E+04  1.6667E+04  1.6667E+04
  2.1000E+01  0.0000E+00  1.6667E+04  1.6667E+04  1.6667E+04  1.6667E+04
  2.2000E+01  0.0000E+00  1.6667E+04  1.6667E+04  1.6667E+04  1.6667E+04
  2.3000E+01  0.0000E+00  1.6667E+04  1.6667E+04  1.6667E+04  1.6667E+04
  2.4000E+01  0.0000E+00  1.6667E+04  1.6667E+04  1.6667E+04  1.6667E+04
  2.5000E+01  0.0000E+00  1.6393E+04  1.6393E+04  1.6393E+04  1.6393E+04
  2.6000E+01  0.0000E+00  1.6129E+04  1.6129E+04  1.6129E+04  1.6129E+04
  2.7000E+01  0.0000E+00  1.5874E+04  1.5874E+04  1.5874E+04  1.5874E+04
  2.8000E+01  0.0000E+00  1.5626E+04  1.5626E+04  1.5626E+04  1.5626E+04
  2.9000E+01  0.0000E+00  1.5387E+04  1.5387E+04  1.5387E+04  1.5387E+04
  3.0000E+01  0.0000E+00  1.5156E+04  1.5156E+04  1.5156E+04  1.5156E+04
  3.1000E+01  0.0000E+00  1.4659E+04  1.4659E+04  1.4659E+04  1.4659E+04
  3.2000E+01  0.0000E+00  1.4179E+04  1.4179E+04  1.4179E+04  1.4179E+04
  3.3000E+01  0.0000E+00  1.3714E+04  1.3714E+04  1.3714E+04  1.3714E+04
  3.4000E+01  0.0000E+00  1.3264E+04  1.3264E+04  1.3264E+04  1.3264E+04
  3.5000E+01  0.0000E+00  1.2829E+04  1.2829E+04  1.2829E+04  1.2829E+04
  3.6000E+01  0.0000E+00  1.2409E+04  1.2409E+04  1.2409E+04  1.2409E+04
  3.7000E+01  0.0000E+00  1.2002E+04  1.2002E+04  1.2002E+04  1.2002E+04
  3.8000E+01  0.0000E+00  1.1608E+04  1.1608E+04  1.1608E+04  1.1608E+04
  3.9000E+01  0.0000E+00  1.1228E+04  1.1228E+04  1.1228E+04  1.1228E+04
  4.0000E+01  0.0000E+00  1.0860E+04  1.0860E+04  1.0860E+04  1.0860E+04
  4.1000E+01  0.0000E+00  1.0504E+04  1.0504E+04  1.0504E+04  1.0504E+04
  4.2000E+01  0.0000E+00  1.0159E+04  1.0159E+04  1.0159E+04  1.0159E+04
  4.3000E+01  0.0000E+00  9.8264E+03  9.8264E+03  9.8264E+03  9.8264E+03
  4.4000E+01  0.0000E+00  9.5042E+03  9.5042E+03  9.5042E+03  9.5042E+03
  4.5000E+01  0.0000E+00  9.1926E+03  9.1926E+03  9.1926E+03  9.1926E+03
  4.6000E+01  0.0000E+00  8.8913E+03  8.8913E+03  8.8913E+03  8.8913E+03
  4.7000E+01  0.0000E+00  8.5998E+03  8.5998E+03  8.5998E+03  8.5998E+03
  4.8000E+01  0.0000E+00  8.3178E+03  8.3178E+03  8.3178E+03  8.3178E+03
  4.9000E+01  0.0000E+00  8.0452E+03  8.0452E+03  8.0452E+03  8.0452E+03
  5.0000E+01  0.0000E+00  7.7814E+03  7.7814E+03  7.7814E+03  7.7814E+03
  5.1000E+01  0.0000E+00  7.5263E+03  7.5263E+03  7.5263E+03  7.5263E+03
  5.2000E+01  0.0000E+00  7.2796E+03  7.2796E+03  7.2796E+03  7.2796E+03
  5.3000E+01  0.0000E+00  7.0409E+03  7.0409E+03  7.0409E+03  7.0409E+03
  5.4000E+01  0.0000E+00  6.8101E+03  6.8101E+03  6.8101E+03  6.8101E+03
  5.5000E+01  0.0000E+00  6.5868E+03  6.5868E+03  6.5868E+03  6.5868E+03
  5.6000E+01  0.0000E+00  6.3709E+03  6.3709E+03  6.3709E+03  6.3709E+03
  5.7000E+01  0.0000E+00  6.1620E+03  6.1620E+03  6.1620E+03  6.1620E+03
  5.8000E+01  0.0000E+00  5.9600E+03  5.9600E+03  5.9600E+03  5.9600E+03
  5.9000E+01  0.0000E+00  5.7646E+03  5.7646E+03  5.7646E+03  5.7646E+03
  6.0000E+01  0.0000E+00  5.5756E+03  5.5756E+03  5.5756E+03  5.5756E+03
  6.1000E+01  0.0000E+00  5.3928E+03  5.3928E+03  5.3928E+03  5.3928E+03
  6.2000E+01  0.0000E+00  5.2160E+03  5.2160E+03  5.2160E+03  5.2160E+03
  6.3000E+01  0.0000E+00  5.0450E+03  5.0450E+03  5.0450E+03  5.0450E+03
  6.4000E+01  0.0000E+00  4.8796E+03  4.8796E+03  4.8796E+03  4.8796E+03
  6.5000E+01  0.0000E+00  4.7197E+03  4.7197E+03  4.7197E+03  4.7197E+03
  6.6000E+01  0.0000E+00  4.5649E+03  4.5649E+03  4.5649E+03  4.5649E+03
  6.7000E+01  0.0000E+00  4.4153E+03  4.4153E+03  4.4153E+03  4.4153E+03
  6.8000E+01  0.0000E+00  4.2705E+03  4.2705E+03  4.2705E+03  4.2705E+03
  6.9000E+01  0.0000E+00  4.1305E+03  4.1305E+03  4.1305E+03  4.1305E+03
  7.0000E+01  0.0000E+00  3.9951E+03  3.9951E+03  3.9951E+03  3.9951E+03
  7.1000E+01  0.0000E+00  3.8641E+03  3.8641E+03  3.8641E+03  3.8641E+03
  7.2000E+01  0.0000E+00  3.7374E+03  3.7374E+03  3.7374E+03  3.7374E+03
  0.0000E+00  0.0000E+00  0.0000E+00  0.0000E+00  0.0000E+00  0.0000E+00
  0.0000E+00  1.0000E+00  3.7211E+03  3.7211E+03  3.7211E+03  0.0000E+00
  1.0000E+00  0.0000E+00  3.9269E+03  3.9269E+03  3.9269E+03  3.9269E+03
  2.0000E+00  0.0000E+00  4.1260E+03  4.1260E+03  4.1260E+03  4.1260E+03
  3.0000E+00  0.0000E+00  4.3186E+03  4.3186E+03  4.3186E+03  4.3186E+03
  4.0000E+00  0.0000E+00  4.5049E+03  4.5049E+03  4.5049E+03  4.5049E+03
  5.0000E+00  0.0000E+00  4.3959E+03  4.3959E+03  4.3959E+03  4.3959E+03
  6.0000E+00  0.0000E+00  4.2518E+03  4.2518E+03  4.2518E+03  4.2518E+03
  7.0000E+00  0.0000E+00  4.1124E+03  4.1124E+03  4.1124E+03  4.1124E+03
  8.0000E+00  0.0000E+00  3.9776E+03  3.9776E+03  3.9776E+03  3.9776E+03
  9.0000E+00  0.0000E+00  3.8472E+03  3.8472E+03  3.8472E+03  3.8472E+03
  1.0000E+01  0.0000E+00  3.7211E+03  3.7211E+03  3.7211E+03  3.7211E+03
  1.1000E+01  0.0000E+00  3.9269E+03  3.9269E+03  3.9269E+03  3.9269E+03
  1.2000E+01  0.0000E+00  4.1260E+03  4.1260E+03  4.1260E+03  4.1260E+03
  1.3000E+01  0.0000E+00  4.3186E+03  4.3186E+03  4.3186E+03  4.3186E+03
  1.4000E+01  0.0000E+00  4.5049E+03  4.5049E+03  4.5049E+03  4.5049E+03
  1.5000E+01  0.0000E+00  4.3959E+03  4.3959E+03  4.3959E+03  4.3959E+03
  1.6000E+01  0.0000E+00  4.2518E+03  4.2518E+03  4.2518E+03  4.2518E+03
  1.7000E+01  0.0000E+00  4.1124E+03  4.1124E+03  4.1124E+03  4.1124E+03
  1.8000E+01  0.0000E+00  3.9776E+03  3.9776E+03  3.9776E+03  3.9776E+03
  1.9000E+01  0.0000E+00  3.8472E+03  3.8472E+03  3.8472E+03  3.8472E+03
  2.0000E+01  0.0000E+00  3.7211E+03  3.7211E+03  3.7211E+03  3.7211E+03
  2.1000E+01  0.0000E+00  3.9269E+03  3.9269E+03  3.9269E+03  3.9269E+03
  2.2000E+01  0.0000E+00  4.1260E+03  4.1260E+03  4.1260E+03  4.1260E+03
  2.3000E+01  0.0000E+00  4.3186E+03  4.3186E+03  4.3186E+03  4.3186E+03
  2.4000E+01  0.0000E+00  4.5049E+03  4.5049E+03  4.5049E+03  4.5049E+03
  2.5000E+01  0.0000E+00  4.3959E+03  4.3959E+03  4.3959E+03  4.3959E+03
  2.6000E+01  0.0000E+00  4.2518E+03  4.2518E+03  4.2518E+03  4.2518E+03
  2.7000E+01  0.0000E+00  4.1124E+03  4.1124E+03  4.1124E+03  4.1124E+03
  2.8000E+01  0.0000E+00  3.9776E+03  3.9776E+03  3.9776E+03  3.9776E+03
  2.9000E+01  0.0000E+00  3.8472E+03  3.8472E+03  3.8472E+03  3.8472E+03
  3.0000E+01  0.0000E+00  3.7211E+03  3.7211E+03  3.7211E+03  3.7211E+03
  3.1000E+01  0.0000E+00  3.9269E+03  3.9269E+03  3.9269E+03  3.9269E+03
  3.2000E+01  0.0000E+00  4.1260E+03  4.1260E+03  4.1260E+03  4.1260E+03
  3.3000E+01  0.0000E+00  4.3186E+03  4.3186E+03  4.3186E+03  4.3186E+03
  3.4000E+01  0.0000E+00  4.5049E+03  4.5049E+03  4.5049E+03  4.5049E+03
  3.5000E+01  0.0000E+00  4.3959E+03  4.3959E+03  4.3959E+03  4.3959E+03
  3.6000E+01  0.0000E+00  4.2518E+03  4.2518E+03  4.2518E+03  4.2518E+03
  3.7000E+01  0.0000E+00  4.1124E+03  4.1124E+03  4.1124E+03  4.1124E+03
  3.8000E+01  0.0000E+00  3.9776E+03  3.9776E+03  3.9776E+03  3.9776E+03
  3.9000E+01  0.0000E+00  3.8472E+03  3.8472E+03  3.8472E+03  3.8472E+03
  4.0000E+01  0.0000E+00  3.7211E+03  3.7211E+03  3.7211E+03  3.7211E+03
  4.1000E+01  0.0000E+00  3.5991E+03  3.5991E+03  3.5991E+03  3.5991E+03
  4.2000E+01  0.0000E+00  3.4811E+03  3.4811E+03  3.4811E+03  3.4811E+03
  4.3000E+01  0.0000E+00  3.3670E+03  3.3670E+03  3.3670E+03  3.3670E+03
  4.4000E+01  0.0000E+00  3.2566E+03  3.2566E+03  3.2566E+03  3.2566E+03
  4.5000E+01  0.0000E+00  3.1498E+03  3.1498E+03  3.1498E+03  3.1498E+03
  4.6000E+01  0.0000E+00  3.0466E+03  3.0466E+03  3.0466E+03  3.0466E+03
  4.7000E+01  0.0000E+00  2.9467E+03  2.9467E+03  2.9467E+03  2.9467E+03
  4.8000E+01  0.0000E+00  2.8501E+03  2.8501E+03  2.8501E+03  2.8501E+03
  4.9000E+01  0.0000E+00  2.7566E+03  2.7566E+03  2.7566E+03  2.7566E+03
  5.0000E+01  0.0000E+00  2.6663E+03  2.6663E+03  2.6663E+03  2.6663E+03
  5.1000E+01  0.0000E+00  2.5789E+03  2.5789E+03  2.5789E+03  2.5789E+03
  5.2000E+01  0.0000E+00  2.4943E+03  2.4943E+03  2.4943E+03  2.4943E+03
  5.3000E+01  0.0000E+00  2.4125E+03  2.4125E+03  2.4125E+03  2.4125E+03
  5.4000E+01  0.0000E+00  2.3334E+03  2.3334E+03  2.3334E+03  2.3334E+03
  5.5000E+01  0.0000E+00  2.2569E+03  2.2569E+03  2.2569E+03  2.2569E+03
  5.6000E+01  0.0000E+00  2.1830E+03  2.1830E+03  2.1830E+03  2.1830E+03
  5.7000E+01  0.0000E+00  2.1114E+03  2.1114E+03  2.1114E+03  2.1114E+03
  5.8000E+01  0.0000E+00  2.0422E+03  2.0422E+03  2.0422E+03  2.0422E+03
  5.9000E+01  0.0000E+00  1.9752E+03  1.9752E+03  1.9752E+03  1.9752E+03
  6.0000E+01  0.0000E+00  1.9105E+03  1.9105E+03  1.9105E+03  1.9105E+03
  6.1000E+01  0.0000E+00  1.8478E+03  1.8478E+03  1.8478E+03  1.8478E+03
  6.2000E+01  0.0000E+00  1.7873E+03  1.7873E+03  1.7873E+03  1.7873E+03
  6.3000E+01  0.0000E+00  1.7287E+03  1.7287E+03  1.7287E+03  1.7287E+03
  6.4000E+01  0.0000E+00  1.6720E+03  1.6720E+03  1.6720E+03  1.6720E+03
  6.5000E+01  0.0000E+00  1.6172E+03  1.6172E+03  1.6172E+03  1.6172E+03
  6.6000E+01  0.0000E+00  1.5642E+03  1.5642E+03  1.5642E+03  1.5642E+03
  6.7000E+01  0.0000E+00  1.5129E+03  1.5129E+03  1.5129E+03  1.5129E+03
  6.8000E+01  0.0000E+00  1.4633E+03  1.4633E+03  1.4633E+03  1.4633E+03
  6.9000E+01  0.0000E+00  1.4153E+03  1.4153E+03  1.4153E+03  1.4153E+03
  7.0000E+01  0.0000E+00  1.3689E+03  1.3689E+03  1.3689E+03  1.3689E+03
  7.1000E+01  0.0000E+00  1.3240E+03  1.3240E+03  1.3240E+03  1.3240E+03
  7.2000E+01  0.0000E+00  1.2806E+03  1.2806E+03  1.2806E+03  1.2806E+03
  0.0000E+00  0.0000E+00  0.0000E+00  0.0000E+00  0.0000E+00  0.0000E+00
  0.0000E+00  1.0000E+00  1.0000E+04  1.0000E+04  1.0000E+04  0.0000E+00
  1.0000E+00  0.0000E+00  1.0000E+04  1.0000E+04  1.0000E+04  1.0000E+04
  2.0000E+00  0.0000E+00  1.0000E+04  1.0000E+04  1.0000E+04  1.0000E+04
  3.0000E+00  0.0000E+00  1.0000E+04  1.0000E+04  1.0000E+04  1.0000E+04
  4.0000E+00  0.0000E+00  1.0000E+04  1.0000E+04  1.0000E+04  1.0000E+04
  5.0000E+00  0.0000E+00  1.0000E+04  1.0000E+04  1.0000E+04  1.0000E+04
  6.0000E+00  0.0000E+00  1.0000E+04  1.0000E+04  1.0000E+04  1.0000E+04
  7.0000E+00  0.0000E+00  1.0000E+04  1.0000E+04  1.0000E+04  1.0000E+04
  8.0000E+00  0.0000E+00  1.0000E+04  1.0000E+04  1.0000E+04  1.0000E+04
  9.0000E+00  0.0000E+00  1.0000E+04  1.0000E+04  1.0000E+04  1.0000E+04
  1.0000E+01  0.0000E+00  1.0000E+04  1.0000E+04  1.0000E+04  1.0000E+04
  1.1000E+01  0.0000E+00  1.0000E+04  1.0000E+04  1.0000E+04  1.0000E+04
  1.2000E+01  0.0000E+00  1.0000E+04  1.0000E+04  1.0000E+04  1.0000E+04
  1.3000E+01  0.0000E+00  1.0000E+04  1.0000E+04  1.0000E+04  1.0000E+04
  1.4000E+01  0.0000E+00  1.0000E+04  1.0000E+04  1.0000E+04  1.0000E+04
  1.5000E+01  0.0000E+00  1.0000E+04  1.0000E+04  1.0000E+04  1.0000E+04
  1.6000E+01  0.0000E+00  1.0000E+04  1.0000E+04  1.0000E+04  1.0000E+04
  1.7000E+01  0.0000E+00  1.0000E+04  1.0000E+04  1.0000E+04  1.0000E+04
  1.8000E+01  0.0000E+00  1.0000E+04  1.0000E+04  1.0000E+04  1.0000E+04
  1.9000E+01  0.0000E+00  1.0000E+04  1.0000E+04  1.0000E+04  1.0000E+04
  2.0000E+01  0.0000E+00  1.0000E+04  1.0000E+04  1.0000E+04  1.0000E+04
  2.1000E+01  0.0000E+00  1.0000E+04  1.0000E+04  1.0000E+04  1.0000E+04
  2.2000E+01  0.0000E+00  1.0000E+04  1.0000E+04  1.0000E+04  1.0000E+04
  2.3000E+01  0.0000E+00  1.0000E+04  1.0000E+04  1.0000E+04  1.0000E+04
  2.4000E+01  0.0000E+00  1.0000E+04  1.0000E+04  1.0000E+04  1.0000E+04
  2.5000E+01  0.0000E+00  1.0000E+04  1.0000E+04  1.0000E+04  1.0000E+04
  2.6000E+01  0.0000E+00  1.0000E+04  1.0000E+04  1.0000E+04  1.0000E+04
  2.7000E+01  0.0000E+00  1.0000E+04  1.0000E+04  1.0000E+04  1.0000E+04
  2.8000E+01  0.0000E+00  1.0000E+04  1.0000E+04  1.0000E+04  1.0000E+04
  2.9000E+01  0.0000E+00  1.0000E+04  1.0000E+04  1.0000E+04  1.0000E+04
  3.0000E+01  0.0000E+00  1.0000E+04  1.0000E+04  1.0000E+04  1.0000E+04
  3.1000E+01  0.0000E+00  1.0000E+04  1.0000E+04  1.0000E+04  1.0000E+04
  3.2000E+01  0.0000E+00  1.0000E+04  1.0000E+04  1.0000E+04  1.0000E+04
  3.3000E+01  0.0000E+00  1.0000E+04  1.0000E+04  1.0000E+04  1.0000E+04
  3.4000E+01  0.0000E+00  1.0000E+04  1.0000E+04  1.0000E+04  1.0000E+04
  3.5000E+01  0.0000E+00  1.0000E+04  1.0000E+04  1.0000E+04  1.0000E+04
  3.6000E+01  0.0000E+00  1.0000E+04  1.0000E+04  1.0000E+04  1.0000E+04
  3.7000E+01  0.0000E+00  1.0000E+04  1.0000E+04  1.0000E+04  1.0000E+04
  3.8000E+01  0.0000E+00  1.0000E+04  1.0000E+04  1.0000E+04  1.0000E+04
  3.9000E+01  0.0000E+00  1.0000E+04  1.0000E+04  1.0000E+04  1.0000E+04
  4.0000E+01  0.0000E+00  1.0000E+04  1.0000E+04  1.0000E+04  1.0000E+04
  4.1000E+01  0.0000E+00  9.6722E+03  9.6722E+03  9.6722E+03  9.6722E+03
  4.2000E+01  0.0000E+00  9.3551E+03  9.3551E+03  9.3551E+03  9.3551E+03
  4.3000E+01  0.0000E+00  9.0484E+03  9.0484E+03  9.0484E+03  9.0484E+03
  4.4000E+01  0.0000E+00  8.7517E+03  8.7517E+03  8.7517E+03  8.7517E+03
  4.5000E+01  0.0000E+00  8.4648E+03  8.4648E+03  8.4648E+03  8.4648E+03
  4.6000E+01  0.0000E+00  8.1873E+03  8.1873E+03  8.1873E+03  8.1873E+03
  4.7000E+01  0.0000E+00  7.9189E+03  7.9189E+03  7.9189E+03  7.9189E+03
  4.8000E+01  0.0000E+00  7.6593E+03  7.6593E+03  7.6593E+03  7.6593E+03
  4.9000E+01  0.0000E+00  7.4082E+03  7.4082E+03  7.4082E+03  7.4082E+03
  5.0000E+01  0.0000E+00  7.1653E+03  7.1653E+03  7.1653E+03  7.1653E+03
  5.1000E+01  0.0000E+00  6.9304E+03  6.9304E+03  6.9304E+03  6.9304E+03
  5.2000E+01  0.0000E+00  6.7032E+03  6.7032E+03  6.7032E+03  6.7032E+03
  5.3000E+01  0.0000E+00  6.4834E+03  6.4834E+03  6.4834E+03  6.4834E+03
  5.4000E+01  0.0000E+00  6.2709E+03  6.2709E+03  6.2709E+03  6.2709E+03
  5.5000E+01  0.0000E+00  6.0653E+03  6.0653E+03  6.0653E+03  6.0653E+03
  5.6000E+01  0.0000E+00  5.8665E+03  5.8665E+03  5.8665E+03  5.8665E+03
  5.7000E+01  0.0000E+00  5.6741E+03  5.6741E+03  5.6741E+03  5.6741E+03
  5.8000E+01  0.0000E+00  5.4881E+03  5.4881E+03  5.4881E+03  5.4881E+03
  5.9000E+01  0.0000E+00  5.3082E+03  5.3082E+03  5.3082E+03  5.3082E+03
  6.0000E+01  0.0000E+00  5.1342E+03  5.1342E+03  5.1342E+03  5.1342E+03
  6.1000E+01  0.0000E+00  4.9659E+03  4.9659E+03  4.9659E+03  4.9659E+03
  6.2000E+01  0.0000E+00  4.8031E+03  4.8031E+03  4.8031E+03  4.8031E+03
  6.3000E+01  0.0000E+00  4.6456E+03  4.6456E+03  4.6456E+03  4.6456E+03
  6.4000E+01  0.0000E+00  4.4933E+03  4.4933E+03  4.4933E+03  4.4933E+03
  6.5000E+01  0.0000E+00  4.3460E+03  4.3460E+03  4.3460E+03  4.3460E+03
  6.6000E+01  0.0000E+00  4.2035E+03  4.2035E+03  4.2035E+03  4.2035E+03
  6.7000E+01  0.0000E+00  4.0657E+03  4.0657E+03  4.0657E+03  4.0657E+03
  6.8000E+01  0.0000E+00  3.9324E+03  3.9324E+03  3.9324E+03  3.9324E+03
  6.9000E+01  0.0000E+00  3.8035E+03  3.8035E+03  3.8035E+03  3.8035E+03
  7.0000E+01  0.0000E+00  3.6788E+03  3.6788E+03  3.6788E+03  3.6788E+03
  7.1000E+01  0.0000E+00  3.5582E+03  3.5582E+03  3.5582E+03  3.5582E+03
  7.2000E+01  0.0000E+00  3.4415E+03  3.4415E+03  3.4415E+03  3.4415E+03
  0.0000E+00  0.0000E+00  0.0000E+00  0.0000E+00  0.0000E+00  0.0000E+00
  0.0000E+00  1.0000E+00  6.9315E+03  6.9315E+03  6.9315E+03  0.0000E+00
  1.0000E+00  0.0000E+00  9.2409E+03  9.2409E+03  9.2409E+03  9.2409E+03
  2.0000E+00  0.0000E+00  9.5040E+03  9.5040E+03  9.5040E+03  9.5040E+03
  3.0000E+00  0.0000E+00  9.3187E+03  9.3187E+03  9.3187E+03  9.3187E+03
  4.0000E+00  0.0000E+00  9.0414E+03  9.0414E+03  9.0414E+03  9.0414E+03
  5.0000E+00  0.0000E+00  8.7512E+03  8.7512E+03  8.7512E+03  8.7512E+03
  6.0000E+00  0.0000E+00  8.4658E+03  8.4658E+03  8.4658E+03  8.4658E+03
  7.0000E+00  0.0000E+00  8.1885E+03  8.1885E+03  8.1885E+03  8.1885E+03
  8.0000E+00  0.0000E+00  7.9201E+03  7.9201E+03  7.9201E+03  7.9201E+03
  9.0000E+00  0.0000E+00  7.6605E+03  7.6605E+03  7.6605E+03  7.6605E+03
  1.0000E+01  0.0000E+00  7.4094E+03  7.4094E+03  7.4094E+03  7.4094E+03
  1.1000E+01  0.0000E+00  7.1665E+03  7.1665E+03  7.1665E+03  7.1665E+03
  1.2000E+01  0.0000E+00  6.9315E+03  6.9315E+03  6.9315E+03  6.9315E+03
  1.3000E+01  0.0000E+00  9.2409E+03  9.2409E+03  9.2409E+03  9.2409E+03
  1.4000E+01  0.0000E+00  9.5040E+03  9.5040E+03  9.5040E+03  9.5040E+03
  1.5000E+01  0.0000E+00  9.3187E+03  9.3187E+03  9.3187E+03  9.3187E+03
  1.6000E+01  0.0000E+00  9.0414E+03  9.0414E+03  9.0414E+03  9.0414E+03
  1.7000E+01  0.0000E+00  8.7512E+03  8.7512E+03  8.7512E+03  8.7512E+03
  1.8000E+01  0.0000E+00  8.4658E+03  8.4658E+03  8.4658E+03  8.4658E+03
  1.9000E+01  0.0000E+00  8.1885E+03  8.1885E+03  8.1885E+03  8.1885E+03
  2.0000E+01  0.0000E+00  7.9201E+03  7.9201E+03  7.9201E+03  7.9201E+03
  2.1000E+01  0.0000E+00  7.6605E+03  7.6605E+03  7.6605E+03  7.6605E+03
  2.2000E+01  0.0000E+00  7.4094E+03  7.4094E+03  7.4094E+03  7.4094E+03
  2.3000E+01  0.0000E+00  7.1665E+03  7.1665E+03  7.1665E+03  7.1665E+03
  2.4000E+01  0.0000E+00  6.9315E+03  6.9315E+03  6.9315E+03  6.9315E+03
  2.5000E+01  0.0000E+00  9.2409E+03  9.2409E+03  9.2409E+03  9.2409E+03
  2.6000E+01  0.0000E+00  9.5040E+03  9.5040E+03  9.5040E+03  9.5040E+03
  2.7000E+01  0.0000E+00  9.3187E+03  9.3187E+03  9.3187E+03  9.3187E+03
  2.8000E+01  0.0000E+00  9.0414E+03  9.0414E+03  9.0414E+03  9.0414E+03
  2.9000E+01  0.0000E+00  8.7512E+03  8.7512E+03  8.7512E+03  8.7512E+03
  3.0000E+01  0.0000E+00  8.4658E+03  8.4658E+03  8.4658E+03  8.4658E+03
  3.1000E+01  0.0000E+00  8.1885E+03  8.1885E+03  8.1885E+03  8.1885E+03
  3.2000E+01  0.0000E+00  7.9201E+03  7.9201E+03  7.9201E+03  7.9201E+03
  3.3000E+01  0.0000E+00  7.6605E+03  7.6605E+03  7.6605E+03  7.6605E+03
  3.4000E+01  0.0000E+00  7.4094E+03  7.4094E+03  7.4094E+03  7.4094E+03
  3.5000E+01  0.0000E+00  7.1665E+03  7.1665E+03  7.1665E+03  7.1665E+03
  3.6000E+01  0.0000E+00  6.9315E+03  6.9315E+03  6.9315E+03  6.9315E+03
  3.7000E+01  0.0000E+00  9.2409E+03  9.2409E+03  9.2409E+03  9.2409E+03
  3.8000E+01  0.0000E+00  9.5040E+03  9.5040E+03  9.5040E+03  9.5040E+03
  3.9000E+01  0.0000E+00  9.3187E+03  9.3187E+03  9.3187E+03  9.3187E+03
  4.0000E+01  0.0000E+00  9.0414E+03  9.0414E+03  9.0414E+03  9.0414E+03
  4.1000E+01  0.0000E+00  8.7512E+03  8.7512E+03  8.7512E+03  8.7512E+03
  4.2000E+01  0.0000E+00  8.4658E+03  8.4658E+03  8.4658E+03  8.4658E+03
  4.3000E+01  0.0000E+00  8.1885E+03  8.1885E+03  8.1885E+03  8.1885E+03
  4.4000E+01  0.0000E+00  7.9201E+03  7.9201E+03  7.9201E+03  7.9201E+03
  4.5000E+01  0.0000E+00  7.6605E+03  7.6605E+03  7.6605E+03  7.6605E+03
  4.6000E+01  0.0000E+00  7.4094E+03  7.4094E+03  7.4094E+03  7.4094E+03
  4.7000E+01  0.0000E+00  7.1665E+03  7.1665E+03  7.1665E+03  7.1665E+03
  4.8000E+01  0.0000E+00  6.9315E+03  6.9315E+03  6.9315E+03  6.9315E+03
  4.9000E+01  0.0000E+00  6.7043E+03  6.7043E+03  6.7043E+03  6.7043E+03
  5.0000E+01  0.0000E+00  6.4845E+03  6.4845E+03  6.4845E+03  6.4845E+03
  5.1000E+01  0.0000E+00  6.2719E+03  6.2719E+03  6.2719E+03  6.2719E+03
  5.2000E+01  0.0000E+00  6.0663E+03  6.0663E+03  6.0663E+03  6.0663E+03
  5.3000E+01  0.0000E+00  5.8674E+03  5.8674E+03  5.8674E+03  5.8674E+03
  5.4000E+01  0.0000E+00  5.6750E+03  5.6750E+03  5.6750E+03  5.6750E+03
  5.5000E+01  0.0000E+00  5.4890E+03  5.4890E+03  5.4890E+03  5.4890E+03
  5.6000E+01  0.0000E+00  5.3090E+03  5.3090E+03  5.3090E+03  5.3090E+03
  5.7000E+01  0.0000E+00  5.1350E+03  5.1350E+03  5.1350E+03  5.1350E+03
  5.8000E+01  0.0000E+00  4.9666E+03  4.9666E+03  4.9666E+03  4.9666E+03
  5.9000E+01  0.0000E+00  4.8038E+03  4.8038E+03  4.8038E+03  4.8038E+03
  6.0000E+01  0.0000E+00  4.6463E+03  4.6463E+03  4.6463E+03  4.6463E+03
  6.1000E+01  0.0000E+00  4.4940E+03  4.4940E+03  4.4940E+03  4.4940E+03
  6.2000E+01  0.0000E+00  4.3467E+03  4.3467E+03  4.3467E+03  4.3467E+03
  6.3000E+01  0.0000E+00  4.2042E+03  4.2042E+03  4.2042E+03  4.2042E+03
  6.4000E+01  0.0000E+00  4.0663E+03  4.0663E+03  4.0663E+03  4.0663E+03
  6.5000E+01  0.0000E+00  3.9330E+03  3.9330E+03  3.9330E+03  3.9330E+03
  6.6000E+01  0.0000E+00  3.8041E+03  3.8041E+03  3.8041E+03  3.8041E+03
  6.7000E+01  0.0000E+00  3.6794E+03  3.6794E+03  3.6794E+03  3.6794E+03
  6.8000E+01  0.0000E+00  3.5588E+03  3.5588E+03  3.5588E+03  3.5588E+03
  6.9000E+01  0.0000E+00  3.4421E+03  3.4421E+03  3.4421E+03  3.4421E+03
  7.0000E+01  0.0000E+00  3.3292E+03  3.3292E+03  3.3292E+03  3.3292E+03
  7.1000E+01  0.0000E+00  3.2201E+03  3.2201E+03  3.2201E+03  3.2201E+03
  7.2000E+01  0.0000E+00  3.1145E+03  3.1145E+03  3.1145E+03  3.1145E+03
  0.0000E+00  0.0000E+00  0.0000E+00  0.0000E+00  0.0000E+00  0.0000E+00
  0.0000E+00  1.0000E+00  0.0000E+00  0.0000E+00  0.0000E+00  0.0000E+00
  1.0000E+00  0.0000E+00  2.5367E+03  2.5367E+03  2.5367E+03  2.5367E+03
  2.0000E+00  0.0000E+00  3.0195E+03  3.0195E+03  3.0195E+03  3.0195E+03
  3.0000E+00  0.0000E+00  3.0468E+03  3.0468E+03  3.0468E+03  3.0468E+03
  4.0000E+00  0.0000E+00  2.9751E+03  2.9751E+03  2.9751E+03  2.9751E+03
  5.0000E+00  0.0000E+00  2.8838E+03  2.8838E+03  2.8838E+03  2.8838E+03
  6.0000E+00  0.0000E+00  2.7907E+03  2.7907E+03  2.7907E+03  2.7907E+03
  7.0000E+00  0.0000E+00  2.6995E+03  2.6995E+03  2.6995E+03  2.6995E+03
  8.0000E+00  0.0000E+00  2.6111E+03  2.6111E+03  2.6111E+03  2.6111E+03
  9.0000E+00  0.0000E+00  2.5255E+03  2.5255E+03  2.5255E+03  2.5255E+03
  1.0000E+01  0.0000E+00  2.4427E+03  2.4427E+03  2.4427E+03  2.4427E+03
  1.1000E+01  0.0000E+00  2.3626E+03  2.3626E+03  2.3626E+03  2.3626E+03
  1.2000E+01  0.0000E+00  2.2852E+03  2.2852E+03  2.2852E+03  2.2852E+03
  1.3000E+01  0.0000E+00  4.7469E+03  4.7469E+03  4.7469E+03  4.7469E+03
  1.4000E+01  0.0000E+00  5.1573E+03  5.1573E+03  5.1573E+03  5.1573E+03
  1.5000E+01  0.0000E+00  5.1145E+03  5.1145E+03  5.1145E+03  5.1145E+03
  1.6000E+01  0.0000E+00  4.9750E+03  4.9750E+03  4.9750E+03  4.9750E+03
  1.7000E+01  0.0000E+00  4.8182E+03  4.8182E+03  4.8182E+03  4.8182E+03
  1.8000E+01  0.0000E+00  4.6617E+03  4.6617E+03  4.6617E+03  4.6617E+03
  1.9000E+01  0.0000E+00  4.5091E+03  4.5091E+03  4.5091E+03  4.5091E+03
  2.0000E+01  0.0000E+00  4.3614E+03  4.3614E+03  4.3614E+03  4.3614E+03
  2.1000E+01  0.0000E+00  4.2184E+03  4.2184E+03  4.2184E+03  4.2184E+03
  2.2000E+01  0.0000E+00  4.0801E+03  4.0801E+03  4.0801E+03  4.0801E+03
  2.3000E+01  0.0000E+00  3.9464E+03  3.9464E+03  3.9464E+03  3.9464E+03
  2.4000E+01  0.0000E+00  3.8170E+03  3.8170E+03  3.8170E+03  3.8170E+03
  2.5000E+01  0.0000E+00  6.2285E+03  6.2285E+03  6.2285E+03  6.2285E+03
  2.6000E+01  0.0000E+00  6.5903E+03  6.5903E+03  6.5903E+03  6.5903E+03
  2.7000E+01  0.0000E+00  6.5006E+03  6.5006E+03  6.5006E+03  6.5006E+03
  2.8000E+01  0.0000E+00  6.3156E+03  6.3156E+03  6.3156E+03  6.3156E+03
  2.9000E+01  0.0000E+00  6.1149E+03  6.1149E+03  6.1149E+03  6.1149E+03
  3.0000E+01  0.0000E+00  5.9158E+03  5.9158E+03  5.9158E+03  5.9158E+03
  3.1000E+01  0.0000E+00  5.7222E+03  5.7222E+03  5.7222E+03  5.7222E+03
  3.2000E+01  0.0000E+00  5.5346E+03  5.5346E+03  5.5346E+03  5.5346E+03
  3.3000E+01  0.0000E+00  5.3532E+03  5.3532E+03  5.3532E+03  5.3532E+03
  3.4000E+01  0.0000E+00  5.1777E+03  5.1777E+03  5.1777E+03  5.1777E+03
  3.5000E+01  0.0000E+00  5.0080E+03  5.0080E+03  5.0080E+03  5.0080E+03
  3.6000E+01  0.0000E+00  4.8438E+03  4.8438E+03  4.8438E+03  4.8438E+03
  3.7000E+01  0.0000E+00  7.2216E+03  7.2216E+03  7.2216E+03  7.2216E+03
  3.8000E+01  0.0000E+00  7.5509E+03  7.5509E+03  7.5509E+03  7.5509E+03
  3.9000E+01  0.0000E+00  7.4296E+03  7.4296E+03  7.4296E+03  7.4296E+03
  4.0000E+01  0.0000E+00  7.2142E+03  7.2142E+03  7.2142E+03  7.2142E+03
  4.1000E+01  0.0000E+00  6.9840E+03  6.9840E+03  6.9840E+03  6.9840E+03
  4.2000E+01  0.0000E+00  6.7565E+03  6.7565E+03  6.7565E+03  6.7565E+03
  4.3000E+01  0.0000E+00  6.5353E+03  6.5353E+03  6.5353E+03  6.5353E+03
  4.4000E+01  0.0000E+00  6.3211E+03  6.3211E+03  6.3211E+03  6.3211E+03
  4.5000E+01  0.0000E+00  6.1139E+03  6.1139E+03  6.1139E+03  6.1139E+03
  4.6000E+01  0.0000E+00  5.9134E+03  5.9134E+03  5.9134E+03  5.9134E+03
  4.7000E+01  0.0000E+00  5.7196E+03  5.7196E+03  5.7196E+03  5.7196E+03
  4.8000E+01  0.0000E+00  5.5321E+03  5.5321E+03  5.5321E+03  5.5321E+03
  4.9000E+01  0.0000E+00  5.3507E+03  5.3507E+03  5.3507E+03  5.3507E+03
  5.0000E+01  0.0000E+00  5.1753E+03  5.1753E+03  5.1753E+03  5.1753E+03
  5.1000E+01  0.0000E+00  5.0056E+03  5.0056E+03  5.0056E+03  5.0056E+03
  5.2000E+01  0.0000E+00  4.8415E+03  4.8415E+03  4.8415E+03  4.8415E+03
  5.3000E+01  0.0000E+00  4.6828E+03  4.6828E+03  4.6828E+03  4.6828E+03
  5.4000E+01  0.0000E+00  4.5293E+03  4.5293E+03  4.5293E+03  4.5293E+03
  5.5000E+01  0.0000E+00  4.3808E+03  4.3808E+03  4.3808E+03  4.3808E+03
  5.6000E+01  0.0000E+00  4.2372E+03  4.2372E+03  4.2372E+03  4.2372E+03
  5.7000E+01  0.0000E+00  4.0983E+03  4.0983E+03  4.0983E+03  4.0983E+03
  5.8000E+01  0.0000E+00  3.9639E+03  3.9639E+03  3.9639E+03  3.9639E+03
  5.9000E+01  0.0000E+00  3.8339E+03  3.8339E+03  3.8339E+03  3.8339E+03
  6.0000E+01  0.0000E+00  3.7083E+03  3.7083E+03  3.7083E+03  3.7083E+03
  6.1000E+01  0.0000E+00  3.5867E+03  3.5867E+03  3.5867E+03  3.5867E+03
  6.2000E+01  0.0000E+00  3.4691E+03  3.4691E+03  3.4691E+03  3.4691E+03
  6.3000E+01  0.0000E+00  3.3554E+03  3.3554E+03  3.3554E+03  3.3554E+03
  6.4000E+01  0.0000E+00  3.2454E+03  3.2454E+03  3.2454E+03  3.2454E+03
  6.5000E+01  0.0000E+00  3.1390E+03  3.1390E+03  3.1390E+03  3.1390E+03
  6.6000E+01  0.0000E+00  3.0361E+03  3.0361E+03  3.0361E+03  3.0361E+03
  6.7000E+01  0.0000E+00  2.9365E+03  2.9365E+03  2.9365E+03  2.9365E+03
  6.8000E+01  0.0000E+00  2.8403E+03  2.8403E+03  2.8403E+03  2.8403E+03
  6.9000E+01  0.0000E+00  2.7471E+03  2.7471E+03  2.7471E+03  2.7471E+03
  7.0000E+01  0.0000E+00  2.6571E+03  2.6571E+03  2.6571E+03  2.6571E+03
  7.1000E+01  0.0000E+00  2.5700E+03  2.5700E+03  2.5700E+03  2.5700E+03
  7.2000E+01  0.0000E+00  2.4857E+03  2.4857E+03  2.4857E+03  2.4857E+03
  0.0000E+00  0.0000E+00  0.0000E+00  0.0000E+00  0.0000E+00  0.0000E+00
  0.0000E+00  1.0000E+00  0.0000E+00  0.0000E+00  0.0000E+00  0.0000E+00
  1.0000E+00  0.0000E+00  1.5873E+02  1.5873E+02  1.5873E+02  1.5873E+02
  2.0000E+00  0.0000E+00  4.4363E+02  4.4363E+02  4.4363E+02  4.4363E+02
  3.0000E+00  0.0000E+00  7.4851E+02  7.4851E+02  7.4851E+02  7.4851E+02
  4.0000E+00  0.0000E+00  1.0499E+03  1.0499E+03  1.0499E+03  1.0499E+03
  5.0000E+00  0.0000E+00  1.3429E+03  1.3429E+03  1.3429E+03  1.3429E+03
  6.0000E+00  0.0000E+00  1.6266E+03  1.6266E+03  1.6266E+03  1.6266E+03
  7.0000E+00  0.0000E+00  1.9011E+03  1.9011E+03  1.9011E+03  1.9011E+03
  8.0000E+00  0.0000E+00  2.1666E+03  2.1666E+03  2.1666E+03  2.1666E+03
  9.0000E+00  0.0000E+00  2.4235E+03  2.4235E+03  2.4235E+03  2.4235E+03
  1.0000E+01  0.0000E+00  2.6718E+03  2.6718E+03  2.6718E+03  2.6718E+03
  1.1000E+01  0.0000E+00  2.7534E+03  2.7534E+03  2.7534E+03  2.7534E+03
  1.2000E+01  0.0000E+00  2.7008E+03  2.7008E+03  2.7008E+03  2.7008E+03
  1.2000E+01  1.0000E+00  2.7008E+03  2.7008E+03  2.7008E+03  0.0000E+00
  1.3000E+01  0.0000E+00  3.8890E+03  3.8890E+03  3.8890E+03  3.8890E+03
  1.4000E+01  0.0000E+00  4.0464E+03  4.0464E+03  4.0464E+03  4.0464E+03
  1.5000E+01  0.0000E+00  3.9773E+03  3.9773E+03  3.9773E+03  3.9773E+03
  1.6000E+01  0.0000E+00  3.8611E+03  3.8611E+03  3.8611E+03  3.8611E+03
  1.7000E+01  0.0000E+00  3.7377E+03  3.7377E+03  3.7377E+03  3.7377E+03
  1.8000E+01  0.0000E+00  3.6159E+03  3.6159E+03  3.6159E+03  3.6159E+03
  1.9000E+01  0.0000E+00  3.4975E+03  3.4975E+03  3.4975E+03  3.4975E+03
  2.0000E+01  0.0000E+00  3.3829E+03  3.3829E+03  3.3829E+03  3.3829E+03
  2.1000E+01  0.0000E+00  3.2720E+03  3.2720E+03  3.2720E+03  3.2720E+03
  2.2000E+01  0.0000E+00  3.1647E+03  3.1647E+03  3.1647E+03  3.1647E+03
  2.3000E+01  0.0000E+00  3.0609E+03  3.0609E+03  3.0609E+03  3.0609E+03
  2.4000E+01  0.0000E+00  2.9606E+03  2.9606E+03  2.9606E+03  2.9606E+03
  2.5000E+01  0.0000E+00  2.8635E+03  2.8635E+03  2.8635E+03  2.8635E+03
  2.6000E+01  0.0000E+00  2.7697E+03  2.7697E+03  2.7697E+03  2.7697E+03
  2.7000E+01  0.0000E+00  2.6789E+03  2.6789E+03  2.6789E+03  2.6789E+03
  2.8000E+01  0.0000E+00  2.5910E+03  2.5910E+03  2.5910E+03  2.5910E+03
  2.9000E+01  0.0000E+00  2.5061E+03  2.5061E+03  2.5061E+03  2.5061E+03
  3.0000E+01  0.0000E+00  2.4239E+03  2.4239E+03  2.4239E+03  2.4239E+03
  3.1000E+01  0.0000E+00  2.3445E+03  2.3445E+03  2.3445E+03  2.3445E+03
  3.2000E+01  0.0000E+00  2.2676E+03  2.2676E+03  2.2676E+03  2.2676E+03
  3.3000E+01  0.0000E+00  2.1933E+03  2.1933E+03  2.1933E+03  2.1933E+03
  3.4000E+01  0.0000E+00  2.1214E+03  2.1214E+03  2.1214E+03  2.1214E+03
  3.5000E+01  0.0000E+00  2.0518E+03  2.0518E+03  2.0518E+03  2.0518E+03
  3.6000E+01  0.0000E+00  1.9845E+03  1.9845E+03  1.9845E+03  1.9845E+03
  3.7000E+01  0.0000E+00  1.9195E+03  1.9195E+03  1.9195E+03  1.9195E+03
  3.8000E+01  0.0000E+00  1.8566E+03  1.8566E+03  1.8566E+03  1.8566E+03
  3.9000E+01  0.0000E+00  1.7957E+03  1.7957E+03  1.7957E+03  1.7957E+03
  4.0000E+01  0.0000E+00  1.7368E+03  1.7368E+03  1.7368E+03  1.7368E+03
  4.1000E+01  0.0000E+00  1.6799E+03  1.6799E+03  1.6799E+03  1.6799E+03
  4.2000E+01  0.0000E+00  1.6248E+03  1.6248E+03  1.6248E+03  1.6248E+03
  4.3000E+01  0.0000E+00  1.5715E+03  1.5715E+03  1.5715E+03  1.5715E+03
  4.4000E+01  0.0000E+00  1.5200E+03  1.5200E+03  1.5200E+03  1.5200E+03
  4.5000E+01  0.0000E+00  1.4702E+03  1.4702E+03  1.4702E+03  1.4702E+03
  4.6000E+01  0.0000E+00  1.4220E+03  1.4220E+03  1.4220E+03  1.4220E+03
  4.7000E+01  0.0000E+00  1.3754E+03  1.3754E+03  1.3754E+03  1.3754E+03
  4.8000E+01  0.0000E+00  1.3303E+03  1.3303E+03  1.3303E+03  1.3303E+03
  4.9000E+01  0.0000E+00  1.2867E+03  1.2867E+03  1.2867E+03  1.2867E+03
  5.0000E+01  0.0000E+00  1.2445E+03  1.2445E+03  1.2445E+03  1.2445E+03
  5.1000E+01  0.0000E+00  1.2037E+03  1.2037E+03  1.2037E+03  1.2037E+03
  5.2000E+01  0.0000E+00  1.1642E+03  1.1642E+03  1.1642E+03  1.1642E+03
  5.3000E+01  0.0000E+00  1.1261E+03  1.1261E+03  1.1261E+03  1.1261E+03
  5.4000E+01  0.0000E+00  1.0891E+03  1.0891E+03  1.0891E+03  1.0891E+03
  5.5000E+01  0.0000E+00  1.0534E+03  1.0534E+03  1.0534E+03  1.0534E+03
  5.6000E+01  0.0000E+00  1.0189E+03  1.0189E+03  1.0189E+03  1.0189E+03
  5.7000E+01  0.0000E+00  9.8550E+02  9.8550E+02  9.8550E+02  9.8550E+02
  5.8000E+01  0.0000E+00  9.5319E+02  9.5319E+02  9.5319E+02  9.5319E+02
  5.9000E+01  0.0000E+00  9.2194E+02  9.2194E+02  9.2194E+02  9.2194E+02
  6.0000E+01  0.0000E+00  8.9171E+02  8.9171E+02  8.9171E+02  8.9171E+02
  6.1000E+01  0.0000E+00  8.6248E+02  8.6248E+02  8.6248E+02  8.6248E+02
  6.2000E+01  0.0000E+00  8.3420E+02  8.3420E+02  8.3420E+02  8.3420E+02
  6.3000E+01  0.0000E+00  8.0686E+02  8.0686E+02  8.0686E+02  8.0686E+02
  6.4000E+01  0.0000E+00  7.8040E+02  7.8040E+02  7.8040E+02  7.8040E+02
  6.5000E+01  0.0000E+00  7.5482E+02  7.5482E+02  7.5482E+02  7.5482E+02
  6.6000E+01  0.0000E+00  7.3007E+02  7.3007E+02  7.3007E+02  7.3007E+02
  6.7000E+01  0.0000E+00  7.0614E+02  7.0614E+02  7.0614E+02  7.0614E+02
  6.8000E+01  0.0000E+00  6.8299E+02  6.8299E+02  6.8299E+02  6.8299E+02
  6.9000E+01  0.0000E+00  6.6060E+02  6.6060E+02  6.6060E+02  6.6060E+02
  7.0000E+01  0.0000E+00  6.3894E+02  6.3894E+02  6.3894E+02  6.3894E+02
  7.1000E+01  0.0000E+00  6.1799E+02  6.1799E+02  6.1799E+02  6.1799E+02
  7.2000E+01  0.0000E+00  5.9773E+02  5.9773E+02  5.9773E+02  5.9773E+02
  0.0000E+00  0.0000E+00  0.0000E+00  0.0000E+00  0.0000E+00  0.0000E+00
  0.0000E+00  1.0000E+00  0.0000E+00  0.0000E+00  0.0000E+00  0.0000E+00
  1.0000E+00  0.0000E+00  0.0000E+00  0.0000E+00  0.0000E+00  0.0000E+00
  2.0000E+00  0.0000E+00  0.0000E+00  0.0000E+00  0.0000E+00  0.0000E+00
  3.0000E+00  0.0000E+00  0.0000E+00  0.0000E+00  0.0000E+00  0.0000E+00
  4.0000E+00  0.0000E+00  0.0000E+00  0.0000E+00  0.0000E+00  0.0000E+00
  5.0000E+00  0.0000E+00  0.0000E+00  0.0000E+00  0.0000E+00  0.0000E+00
  6.0000E+00  0.0000E+00  2.2220E+02  2.2220E+02  2.2220E+02  2.2220E+02
  7.0000E+00  0.0000E+00  4.3712E+02  4.3712E+02  4.3712E+02  4.3712E+02
  8.0000E+00  0.0000E+00  6.4499E+02  6.4499E+02  6.4499E+02  6.4499E+02
  9.0000E+00  0.0000E+00  8.4605E+02  8.4605E+02  8.4605E+02  8.4605E+02
  1.0000E+01  0.0000E+00  1.0405E+03  1.0405E+03  1.0405E+03  1.0405E+03
  1.1000E+01  0.0000E+00  1.2286E+03  1.2286E+03  1.2286E+03  1.2286E+03
  1.2000E+01  0.0000E+00  1.4105E+03  1.4105E+03  1.4105E+03  1.4105E+03
  1.3000E+01  0.0000E+00  1.5865E+03  1.5865E+03  1.5865E+03  1.5865E+03
  1.4000E+01  0.0000E+00  1.7567E+03  1.7567E+03  1.7567E+03  1.7567E+03
  1.5000E+01  0.0000E+00  1.6991E+03  1.6991E+03  1.6991E+03  1.6991E+03
  1.6000E+01  0.0000E+00  1.6434E+03  1.6434E+03  1.6434E+03  1.6434E+03
  1.7000E+01  0.0000E+00  1.5895E+03  1.5895E+03  1.5895E+03  1.5895E+03
  1.8000E+01  0.0000E+00  1.7596E+03  1.7596E+03  1.7596E+03  1.7596E+03
  1.9000E+01  0.0000E+00  1.9241E+03  1.9241E+03  1.9241E+03  1.9241E+03
  2.0000E+01  0.0000E+00  2.0832E+03  2.0832E+03  2.0832E+03  2.0832E+03
  2.1000E+01  0.0000E+00  2.2371E+03  2.2371E+03  2.2371E+03  2.2371E+03
  2.2000E+01  0.0000E+00  2.3860E+03  2.3860E+03  2.3860E+03  2.3860E+03
  2.3000E+01  0.0000E+00  2.5300E+03  2.5300E+03  2.5300E+03  2.5300E+03
  2.4000E+01  0.0000E+00  2.6692E+03  2.6692E+03  2.6692E+03  2.6692E+03
  2.5000E+01  0.0000E+00  2.8039E+03  2.8039E+03  2.8039E+03  2.8039E+03
  2.6000E+01  0.0000E+00  2.9342E+03  2.9342E+03  2.9342E+03  2.9342E+03
  2.7000E+01  0.0000E+00  2.8380E+03  2.8380E+03  2.8380E+03  2.8380E+03
  2.8000E+01  0.0000E+00  2.7450E+03  2.7450E+03  2.7450E+03  2.7450E+03
  2.9000E+01  0.0000E+00  2.6550E+03  2.6550E+03  2.6550E+03  2.6550E+03
  3.0000E+01  0.0000E+00  2.7901E+03  2.7901E+03  2.7901E+03  2.7901E+03
  3.1000E+01  0.0000E+00  2.9209E+03  2.9209E+03  2.9209E+03  2.9209E+03
  3.2000E+01  0.0000E+00  3.0473E+03  3.0473E+03  3.0473E+03  3.0473E+03
  3.3000E+01  0.0000E+00  3.1696E+03  3.1696E+03  3.1696E+03  3.1696E+03
  3.4000E+01  0.0000E+00  3.2879E+03  3.2879E+03  3.2879E+03  3.2879E+03
  3.5000E+01  0.0000E+00  3.4023E+03  3.4023E+03  3.4023E+03  3.4023E+03
  3.6000E+01  0.0000E+00  3.5130E+03  3.5130E+03  3.5130E+03  3.5130E+03
  3.7000E+01  0.0000E+00  3.6200E+03  3.6200E+03  3.6200E+03  3.6200E+03
  3.8000E+01  0.0000E+00  3.7235E+03  3.7235E+03  3.7235E+03  3.7235E+03
  3.9000E+01  0.0000E+00  3.6015E+03  3.6015E+03  3.6015E+03  3.6015E+03
  4.0000E+01  0.0000E+00  3.4834E+03  3.4834E+03  3.4834E+03  3.4834E+03
  4.1000E+01  0.0000E+00  3.3692E+03  3.3692E+03  3.3692E+03  3.3692E+03
  4.2000E+01  0.0000E+00  3.4809E+03  3.4809E+03  3.4809E+03  3.4809E+03
  4.3000E+01  0.0000E+00  3.5890E+03  3.5890E+03  3.5890E+03  3.5890E+03
  4.4000E+01  0.0000E+00  3.6936E+03  3.6936E+03  3.6936E+03  3.6936E+03
  4.5000E+01  0.0000E+00  3.7947E+03  3.7947E+03  3.7947E+03  3.7947E+03
  4.6000E+01  0.0000E+00  3.8925E+03  3.8925E+03  3.8925E+03  3.8925E+03
  4.7000E+01  0.0000E+00  3.9871E+03  3.9871E+03  3.9871E+03  3.9871E+03
  4.8000E+01  0.0000E+00  4.0786E+03  4.0786E+03  4.0786E+03  4.0786E+03
  4.9000E+01  0.0000E+00  4.1670E+03  4.1670E+03  4.1670E+03  4.1670E+03
  5.0000E+01  0.0000E+00  4.2526E+03  4.2526E+03  4.2526E+03  4.2526E+03
  5.1000E+01  0.0000E+00  4.1132E+03  4.1132E+03  4.1132E+03  4.1132E+03
  5.2000E+01  0.0000E+00  3.9784E+03  3.9784E+03  3.9784E+03  3.9784E+03
  5.3000E+01  0.0000E+00  3.8479E+03  3.8479E+03  3.8479E+03  3.8479E+03
  5.4000E+01  0.0000E+00  3.9440E+03  3.9440E+03  3.9440E+03  3.9440E+03
  5.5000E+01  0.0000E+00  4.0369E+03  4.0369E+03  4.0369E+03  4.0369E+03
  5.6000E+01  0.0000E+00  4.1268E+03  4.1268E+03  4.1268E+03  4.1268E+03
  5.7000E+01  0.0000E+00  4.2137E+03  4.2137E+03  4.2137E+03  4.2137E+03
  5.8000E+01  0.0000E+00  4.2977E+03  4.2977E+03  4.2977E+03  4.2977E+03
  5.9000E+01  0.0000E+00  4.3790E+03  4.3790E+03  4.3790E+03  4.3790E+03
  6.0000E+01  0.0000E+00  4.4577E+03  4.4577E+03  4.4577E+03  4.4577E+03
  6.1000E+01  0.0000E+00  4.5337E+03  4.5337E+03  4.5337E+03  4.5337E+03
  6.2000E+01  0.0000E+00  4.6073E+03  4.6073E+03  4.6073E+03  4.6073E+03
  6.3000E+01  0.0000E+00  4.4563E+03  4.4563E+03  4.4563E+03  4.4563E+03
  6.4000E+01  0.0000E+00  4.3102E+03  4.3102E+03  4.3102E+03  4.3102E+03
  6.5000E+01  0.0000E+00  4.1689E+03  4.1689E+03  4.1689E+03  4.1689E+03
  6.6000E+01  0.0000E+00  4.2544E+03  4.2544E+03  4.2544E+03  4.2544E+03
  6.7000E+01  0.0000E+00  4.3371E+03  4.3371E+03  4.3371E+03  4.3371E+03
  6.8000E+01  0.0000E+00  4.4171E+03  4.4171E+03  4.4171E+03  4.4171E+03
  6.9000E+01  0.0000E+00  4.4945E+03  4.4945E+03  4.4945E+03  4.4945E+03
  7.0000E+01  0.0000E+00  4.5694E+03  4.5694E+03  4.5694E+03  4.5694E+03
  7.1000E+01  0.0000E+00  4.6418E+03  4.6418E+03  4.6418E+03  4.6418E+03
  7.2000E+01  0.0000E+00  4.7118E+03  4.7118E+03  4.7118E+03  4.7118E+03
  0.0000E+00  0.0000E+00  0.0000E+00  0.0000E+00  0.0000E+00  0.0000E+00
  0.0000E+00  1.0000E+00  4.8214E+03  4.8214E+03  4.8214E+03  0.0000E+00
  1.0000E+00  0.0000E+00  4.8855E+03  4.8855E+03  4.8855E+03  4.8855E+03
  2.0000E+00  0.0000E+00  4.9475E+03  4.9475E+03  4.9475E+03  4.9475E+03
  3.0000E+00  0.0000E+00  5.0075E+03  5.0075E+03  5.0075E+03  5.0075E+03
  4.0000E+00  0.0000E+00  5.0656E+03  5.0656E+03  5.0656E+03  5.0656E+03
  5.0000E+00  0.0000E+00  5.1217E+03  5.1217E+03  5.1217E+03  5.1217E+03
  6.0000E+00  0.0000E+00  5.1760E+03  5.1760E+03  5.1760E+03  5.1760E+03
  7.0000E+00  0.0000E+00  5.2285E+03  5.2285E+03  5.2285E+03  5.2285E+03
  8.0000E+00  0.0000E+00  5.2793E+03  5.2793E+03  5.2793E+03  5.2793E+03
  9.0000E+00  0.0000E+00  5.3284E+03  5.3284E+03  5.3284E+03  5.3284E+03
  1.0000E+01  0.0000E+00  5.1537E+03  5.1537E+03  5.1537E+03  5.1537E+03
  1.1000E+01  0.0000E+00  4.9848E+03  4.9848E+03  4.9848E+03  4.9848E+03
  1.2000E+01  0.0000E+00  4.8214E+03  4.8214E+03  4.8214E+03  4.8214E+03
  1.3000E+01  0.0000E+00  4.8855E+03  4.8855E+03  4.8855E+03  4.8855E+03
  1.4000E+01  0.0000E+00  4.9475E+03  4.9475E+03  4.9475E+03  4.9475E+03
  1.5000E+01  0.0000E+00  5.0075E+03  5.0075E+03  5.0075E+03  5.0075E+03
  1.6000E+01  0.0000E+00  5.0656E+03  5.0656E+03  5.0656E+03  5.0656E+03
  1.7000E+01  0.0000E+00  5.1217E+03  5.1217E+03  5.1217E+03  5.1217E+03
  1.8000E+01  0.0000E+00  5.1760E+03  5.1760E+03  5.1760E+03  5.1760E+03
  1.9000E+01  0.0000E+00  5.2285E+03  5.2285E+03  5.2285E+03  5.2285E+03
  2.0000E+01  0.0000E+00  5.2793E+03  5.2793E+03  5.2793E+03  5.2793E+03
  2.1000E+01  0.0000E+00  5.3284E+03  5.3284E+03  5.3284E+03  5.3284E+03
  2.2000E+01  0.0000E+00  5.1537E+03  5.1537E+03  5.1537E+03  5.1537E+03
  2.3000E+01  0.0000E+00  4.9848E+03  4.9848E+03  4.9848E+03  4.9848E+03
  2.4000E+01  0.0000E+00  4.8214E+03  4.8214E+03  4.8214E+03  4.8214E+03
  2.5000E+01  0.0000E+00  4.8855E+03  4.8855E+03  4.8855E+03  4.8855E+03
  2.6000E+01  0.0000E+00  4.9475E+03  4.9475E+03  4.9475E+03  4.9475E+03
  2.7000E+01  0.0000E+00  5.0075E+03  5.0075E+03  5.0075E+03  5.0075E+03
  2.8000E+01  0.0000E+00  5.0656E+03  5.0656E+03  5.0656E+03  5.0656E+03
  2.9000E+01  0.0000E+00  5.1217E+03  5.1217E+03  5.1217E+03  5.1217E+03
  3.0000E+01  0.0000E+00  5.1760E+03  5.1760E+03  5.1760E+03  5.1760E+03
  3.1000E+01  0.0000E+00  5.2285E+03  5.2285E+03  5.2285E+03  5.2285E+03
  3.2000E+01  0.0000E+00  5.2793E+03  5.2793E+03  5.2793E+03  5.2793E+03
  3.3000E+01  0.0000E+00  5.3284E+03  5.3284E+03  5.3284E+03  5.3284E+03
  3.4000E+01  0.0000E+00  5.1537E+03  5.1537E+03  5.1537E+03  5.1537E+03
  3.5000E+01  0.0000E+00  4.9848E+03  4.9848E+03  4.9848E+03  4.9848E+03
  3.6000E+01  0.0000E+00  4.8214E+03  4.8214E+03  4.8214E+03  4.8214E+03
  3.7000E+01  0.0000E+00  4.8855E+03  4.8855E+03  4.8855E+03  4.8855E+03
  3.8000E+01  0.0000E+00  4.9475E+03  4.9475E+03  4.9475E+03  4.9475E+03
  3.9000E+01  0.0000E+00  5.0075E+03  5.0075E+03  5.0075E+03  5.0075E+03
  4.0000E+01  0.0000E+00  5.0656E+03  5.0656E+03  5.0656E+03  5.0656E+03
  4.1000E+01  0.0000E+00  5.1217E+03  5.1217E+03  5.1217E+03  5.1217E+03
  4.2000E+01  0.0000E+00  5.1760E+03  5.1760E+03  5.1760E+03  5.1760E+03
  4.3000E+01  0.0000E+00  5.2285E+03  5.2285E+03  5.2285E+03  5.2285E+03
  4.4000E+01  0.0000E+00  5.2793E+03  5.2793E+03  5.2793E+03  5.2793E+03
  4.5000E+01  0.0000E+00  5.3284E+03  5.3284E+03  5.3284E+03  5.3284E+03
  4.6000E+01  0.0000E+00  5.1537E+03  5.1537E+03  5.1537E+03  5.1537E+03
  4.7000E+01  0.0000E+00  4.9848E+03  4.9848E+03  4.9848E+03  4.9848E+03
  4.8000E+01  0.0000E+00  4.8214E+03  4.8214E+03  4.8214E+03  4.8214E+03
  4.9000E+01  0.0000E+00  4.8855E+03  4.8855E+03  4.8855E+03  4.8855E+03
  5.0000E+01  0.0000E+00  4.9475E+03  4.9475E+03  4.9475E+03  4.9475E+03
  5.1000E+01  0.0000E+00  5.0075E+03  5.0075E+03  5.0075E+03  5.0075E+03
  5.2000E+01  0.0000E+00  5.0656E+03  5.0656E+03  5.0656E+03  5.0656E+03
  5.3000E+01  0.0000E+00  5.1217E+03  5.1217E+03  5.1217E+03  5.1217E+03
  5.4000E+01  0.0000E+00  5.1760E+03  5.1760E+03  5.1760E+03  5.1760E+03
  5.5000E+01  0.0000E+00  5.2285E+03  5.2285E+03  5.2285E+03  5.2285E+03
  5.6000E+01  0.0000E+00  5.2793E+03  5.2793E+03  5.2793E+03  5.2793E+03
  5.7000E+01  0.0000E+00  5.3284E+03  5.3284E+03  5.3284E+03  5.3284E+03
  5.8000E+01  0.0000E+00  5.1537E+03  5.1537E+03  5.1537E+03  5.1537E+03
  5.9000E+01  0.0000E+00  4.9848E+03  4.9848E+03  4.9848E+03  4.9848E+03
  6.0000E+01  0.0000E+00  4.8214E+03  4.8214E+03  4.8214E+03  4.8214E+03
  6.1000E+01  0.0000E+00  4.8855E+03  4.8855E+03  4.8855E+03  4.8855E+03
  6.2000E+01  0.0000E+00  4.9475E+03  4.9475E+03  4.9475E+03  4.9475E+03
  6.3000E+01  0.0000E+00  5.0075E+03  5.0075E+03  5.0075E+03  5.0075E+03
  6.4000E+01  0.0000E+00  5.0656E+03  5.0656E+03  5.0656E+03  5.0656E+03
  6.5000E+01  0.0000E+00  5.1217E+03  5.1217E+03  5.1217E+03  5.1217E+03
  6.6000E+01  0.0000E+00  5.1760E+03  5.1760E+03  5.1760E+03  5.1760E+03
  6.7000E+01  0.0000E+00  5.2285E+03  5.2285E+03  5.2285E+03  5.2285E+03
  6.8000E+01  0.0000E+00  5.2793E+03  5.2793E+03  5.2793E+03  5.2793E+03
  6.9000E+01  0.0000E+00  5.3284E+03  5.3284E+03  5.3284E+03  5.3284E+03
  7.0000E+01  0.0000E+00  5.1537E+03  5.1537E+03  5.1537E+03  5.1537E+03
  7.1000E+01  0.0000E+00  4.9848E+03  4.9848E+03  4.9848E+03  4.9848E+03
  7.2000E+01  0.0000E+00  4.8214E+03  4.8214E+03  4.8214E+03  4.8214E+03
