TABLE NO.  1
 ID          TIME        CP
  1.0000E+00  0.0000E+00  0.0000E+00
  1.0000E+00  0.0000E+00  0.0000E+00
  1.0000E+00  1.0000E+00  3.7544E+03
  1.0000E+00  2.0000E+00  4.3912E+03
  1.0000E+00  3.0000E+00  4.3432E+03
  1.0000E+00  4.0000E+00  4.1525E+03
  1.0000E+00  5.0000E+00  3.9395E+03
  1.0000E+00  6.0000E+00  3.7308E+03
  1.0000E+00  7.0000E+00  3.5316E+03
  1.0000E+00  8.0000E+00  3.3427E+03
  1.0000E+00  9.0000E+00  3.1639E+03
  1.0000E+00  1.0000E+01  2.9945E+03
  1.0000E+00  1.1000E+01  2.8343E+03
  1.0000E+00  1.2000E+01  2.6826E+03
  1.0000E+00  1.3000E+01  2.5391E+03
  1.0000E+00  1.4000E+01  2.4032E+03
  1.0000E+00  1.5000E+01  2.2746E+03
  1.0000E+00  1.6000E+01  2.1529E+03
  1.0000E+00  1.7000E+01  2.0376E+03
  1.0000E+00  1.8000E+01  1.9286E+03
  1.0000E+00  1.9000E+01  1.8254E+03
  1.0000E+00  2.0000E+01  1.7277E+03
  1.0000E+00  2.1000E+01  1.6352E+03
  1.0000E+00  2.2000E+01  1.5477E+03
  1.0000E+00  2.3000E+01  1.4649E+03
  1.0000E+00  2.4000E+01  1.3865E+03
  1.0000E+00  2.5000E+01  5.0668E+03
  1.0000E+00  2.6000E+01  5.6333E+03
  1.0000E+00  2.7000E+01  5.5188E+03
  1.0000E+00  2.8000E+01  5.2652E+03
  1.0000E+00  2.9000E+01  4.9927E+03
  1.0000E+00  3.0000E+01  4.7276E+03
  1.0000E+00  3.1000E+01  4.4751E+03
  1.0000E+00  3.2000E+01  4.2357E+03
  1.0000E+00  3.3000E+01  4.0090E+03
  1.0000E+00  3.4000E+01  3.7945E+03
  1.0000E+00  3.5000E+01  3.5914E+03
  1.0000E+00  3.6000E+01  3.3992E+03
  1.0000E+00  3.7000E+01  3.2173E+03
  1.0000E+00  3.8000E+01  3.0452E+03
  1.0000E+00  3.9000E+01  2.8822E+03
  1.0000E+00  4.0000E+01  2.7280E+03
  1.0000E+00  4.1000E+01  2.5820E+03
  1.0000E+00  4.2000E+01  2.4438E+03
  1.0000E+00  4.3000E+01  2.3130E+03
  1.0000E+00  4.4000E+01  2.1892E+03
  1.0000E+00  4.5000E+01  2.0721E+03
  1.0000E+00  4.6000E+01  1.9612E+03
  1.0000E+00  4.7000E+01  1.8562E+03
  1.0000E+00  4.8000E+01  1.7569E+03
  1.0000E+00  4.9000E+01  5.4173E+03
  1.0000E+00  5.0000E+01  5.9651E+03
  1.0000E+00  5.1000E+01  5.8328E+03
  1.0000E+00  5.2000E+01  5.5624E+03
  1.0000E+00  5.3000E+01  5.2740E+03
  1.0000E+00  5.4000E+01  4.9939E+03
  1.0000E+00  5.5000E+01  4.7271E+03
  1.0000E+00  5.6000E+01  4.4742E+03
  1.0000E+00  5.7000E+01  4.2348E+03
  1.0000E+00  5.8000E+01  4.0082E+03
  1.0000E+00  5.9000E+01  3.7937E+03
  1.0000E+00  6.0000E+01  3.5907E+03
  1.0000E+00  6.1000E+01  3.3985E+03
  1.0000E+00  6.2000E+01  3.2167E+03
  1.0000E+00  6.3000E+01  3.0445E+03
  1.0000E+00  6.4000E+01  2.8816E+03
  1.0000E+00  6.5000E+01  2.7274E+03
  1.0000E+00  6.6000E+01  2.5814E+03
  1.0000E+00  6.7000E+01  2.4433E+03
  1.0000E+00  6.8000E+01  2.3125E+03
  1.0000E+00  6.9000E+01  2.1888E+03
  1.0000E+00  7.0000E+01  2.0716E+03
  1.0000E+00  7.1000E+01  1.9608E+03
  1.0000E+00  7.2000E+01  1.8558E+03
  1.0000E+00  7.3000E+01  5.5110E+03
  1.0000E+00  7.4000E+01  6.0538E+03
  1.0000E+00  7.5000E+01  5.9167E+03
  1.0000E+00  7.6000E+01  5.6418E+03
  1.0000E+00  7.7000E+01  5.3492E+03
  1.0000E+00  7.8000E+01  5.0650E+03
  1.0000E+00  7.9000E+01  4.7944E+03
  1.0000E+00  8.0000E+01  4.5380E+03
  1.0000E+00  8.1000E+01  4.2951E+03
  1.0000E+00  8.2000E+01  4.0653E+03
  1.0000E+00  8.3000E+01  3.8477E+03
  1.0000E+00  8.4000E+01  3.6418E+03
  1.0000E+00  8.5000E+01  3.4469E+03
  1.0000E+00  8.6000E+01  3.2625E+03
  1.0000E+00  8.7000E+01  3.0879E+03
  1.0000E+00  8.8000E+01  2.9226E+03
  1.0000E+00  8.9000E+01  2.7662E+03
  1.0000E+00  9.0000E+01  2.6182E+03
  1.0000E+00  9.1000E+01  2.4781E+03
  1.0000E+00  9.2000E+01  2.3455E+03
  1.0000E+00  9.3000E+01  2.2199E+03
  1.0000E+00  9.4000E+01  2.1011E+03
  1.0000E+00  9.5000E+01  1.9887E+03
  1.0000E+00  9.6000E+01  1.8823E+03
  1.0000E+00  9.7000E+01  1.7815E+03
  1.0000E+00  9.8000E+01  1.6862E+03
  1.0000E+00  9.9000E+01  1.5960E+03
  1.0000E+00  1.0000E+02  1.5106E+03
  1.0000E+00  1.0100E+02  1.4297E+03
  1.0000E+00  1.0200E+02  1.3532E+03
  1.0000E+00  1.0300E+02  1.2808E+03
  1.0000E+00  1.0400E+02  1.2123E+03
  1.0000E+00  1.0500E+02  1.1474E+03
  1.0000E+00  1.0600E+02  1.0860E+03
  1.0000E+00  1.0700E+02  1.0279E+03
  1.0000E+00  1.0800E+02  9.7286E+02
  1.0000E+00  1.0900E+02  9.2080E+02
  1.0000E+00  1.1000E+02  8.7152E+02
  1.0000E+00  1.1100E+02  8.2488E+02
  1.0000E+00  1.1200E+02  7.8074E+02
  1.0000E+00  1.1300E+02  7.3896E+02
  1.0000E+00  1.1400E+02  6.9941E+02
  1.0000E+00  1.1500E+02  6.6198E+02
  1.0000E+00  1.1600E+02  6.2656E+02
  1.0000E+00  1.1700E+02  5.9303E+02
  1.0000E+00  1.1800E+02  5.6129E+02
  1.0000E+00  1.1900E+02  5.3125E+02
  1.0000E+00  1.2000E+02  5.0282E+02
  1.0000E+00  1.2100E+02  4.7591E+02
  1.0000E+00  1.2200E+02  4.5045E+02
  1.0000E+00  1.2300E+02  4.2634E+02
  1.0000E+00  1.2400E+02  4.0352E+02
  1.0000E+00  1.2500E+02  3.8193E+02
  1.0000E+00  1.2600E+02  3.6149E+02
  1.0000E+00  1.2700E+02  3.4215E+02
  1.0000E+00  1.2800E+02  3.2384E+02
  1.0000E+00  1.2900E+02  3.0651E+02
  1.0000E+00  1.3000E+02  2.9010E+02
  2.0000E+00  0.0000E+00  0.0000E+00
  2.0000E+00  0.0000E+00  0.0000E+00
  2.0000E+00  1.0000E+00  0.0000E+00
  2.0000E+00  2.0000E+00  0.0000E+00
  2.0000E+00  3.0000E+00  0.0000E+00
  2.0000E+00  4.0000E+00  0.0000E+00
  2.0000E+00  5.0000E+00  0.0000E+00
  2.0000E+00  6.0000E+00  0.0000E+00
  2.0000E+00  7.0000E+00  0.0000E+00
  2.0000E+00  8.0000E+00  0.0000E+00
  2.0000E+00  9.0000E+00  0.0000E+00
  2.0000E+00  1.0000E+01  0.0000E+00
  2.0000E+00  1.1000E+01  0.0000E+00
  2.0000E+00  1.2000E+01  0.0000E+00
  2.0000E+00  1.3000E+01  1.0629E+04
  2.0000E+00  1.4000E+01  1.0060E+04
  2.0000E+00  1.5000E+01  9.5219E+03
  2.0000E+00  1.6000E+01  9.0123E+03
  2.0000E+00  1.7000E+01  8.5300E+03
  2.0000E+00  1.8000E+01  8.0735E+03
  2.0000E+00  1.9000E+01  7.6415E+03
  2.0000E+00  2.0000E+01  7.2325E+03
  2.0000E+00  2.1000E+01  6.8455E+03
  2.0000E+00  2.2000E+01  6.4792E+03
  2.0000E+00  2.3000E+01  6.1324E+03
  2.0000E+00  2.4000E+01  5.8042E+03
  2.0000E+00  2.5000E+01  5.4936E+03
  2.0000E+00  2.6000E+01  5.1996E+03
  2.0000E+00  2.7000E+01  4.9214E+03
  2.0000E+00  2.8000E+01  4.6580E+03
  2.0000E+00  2.9000E+01  4.4087E+03
  2.0000E+00  3.0000E+01  4.1728E+03
  2.0000E+00  3.1000E+01  3.9495E+03
  2.0000E+00  3.2000E+01  3.7381E+03
  2.0000E+00  3.3000E+01  3.5381E+03
  2.0000E+00  3.4000E+01  3.3488E+03
  2.0000E+00  3.5000E+01  3.1695E+03
  2.0000E+00  3.6000E+01  2.9999E+03
  2.0000E+00  3.7000E+01  1.3468E+04
  2.0000E+00  3.8000E+01  1.2748E+04
  2.0000E+00  3.9000E+01  1.2065E+04
  2.0000E+00  4.0000E+01  1.1420E+04
  2.0000E+00  4.1000E+01  1.0809E+04
  2.0000E+00  4.2000E+01  1.0230E+04
  2.0000E+00  4.3000E+01  9.6828E+03
  2.0000E+00  4.4000E+01  9.1646E+03
  2.0000E+00  4.5000E+01  8.6742E+03
  2.0000E+00  4.6000E+01  8.2100E+03
  2.0000E+00  4.7000E+01  7.7706E+03
  2.0000E+00  4.8000E+01  7.3548E+03
  2.0000E+00  4.9000E+01  6.9612E+03
  2.0000E+00  5.0000E+01  6.5886E+03
  2.0000E+00  5.1000E+01  6.2361E+03
  2.0000E+00  5.2000E+01  5.9023E+03
  2.0000E+00  5.3000E+01  5.5865E+03
  2.0000E+00  5.4000E+01  5.2875E+03
  2.0000E+00  5.5000E+01  5.0046E+03
  2.0000E+00  5.6000E+01  4.7367E+03
  2.0000E+00  5.7000E+01  4.4832E+03
  2.0000E+00  5.8000E+01  4.2433E+03
  2.0000E+00  5.9000E+01  4.0162E+03
  2.0000E+00  6.0000E+01  3.8013E+03
  2.0000E+00  6.1000E+01  1.4227E+04
  2.0000E+00  6.2000E+01  1.3466E+04
  2.0000E+00  6.3000E+01  1.2745E+04
  2.0000E+00  6.4000E+01  1.2063E+04
  2.0000E+00  6.5000E+01  1.1417E+04
  2.0000E+00  6.6000E+01  1.0806E+04
  2.0000E+00  6.7000E+01  1.0228E+04
  2.0000E+00  6.8000E+01  9.6807E+03
  2.0000E+00  6.9000E+01  9.1627E+03
  2.0000E+00  7.0000E+01  8.6723E+03
  2.0000E+00  7.1000E+01  8.2082E+03
  2.0000E+00  7.2000E+01  7.7690E+03
  2.0000E+00  7.3000E+01  7.3532E+03
  2.0000E+00  7.4000E+01  6.9597E+03
  2.0000E+00  7.5000E+01  6.5873E+03
  2.0000E+00  7.6000E+01  6.2347E+03
  2.0000E+00  7.7000E+01  5.9011E+03
  2.0000E+00  7.8000E+01  5.5853E+03
  2.0000E+00  7.9000E+01  5.2864E+03
  2.0000E+00  8.0000E+01  5.0035E+03
  2.0000E+00  8.1000E+01  4.7357E+03
  2.0000E+00  8.2000E+01  4.4823E+03
  2.0000E+00  8.3000E+01  4.2424E+03
  2.0000E+00  8.4000E+01  4.0154E+03
  2.0000E+00  8.5000E+01  1.4430E+04
  2.0000E+00  8.6000E+01  1.3657E+04
  2.0000E+00  8.7000E+01  1.2926E+04
  2.0000E+00  8.8000E+01  1.2235E+04
  2.0000E+00  8.9000E+01  1.1580E+04
  2.0000E+00  9.0000E+01  1.0960E+04
  2.0000E+00  9.1000E+01  1.0374E+04
  2.0000E+00  9.2000E+01  9.8186E+03
  2.0000E+00  9.3000E+01  9.2932E+03
  2.0000E+00  9.4000E+01  8.7958E+03
  2.0000E+00  9.5000E+01  8.3251E+03
  2.0000E+00  9.6000E+01  7.8796E+03
  2.0000E+00  9.7000E+01  7.4579E+03
  2.0000E+00  9.8000E+01  7.0588E+03
  2.0000E+00  9.9000E+01  6.6811E+03
  2.0000E+00  1.0000E+02  6.3235E+03
  2.0000E+00  1.0100E+02  5.9851E+03
  2.0000E+00  1.0200E+02  5.6648E+03
  2.0000E+00  1.0300E+02  5.3617E+03
  2.0000E+00  1.0400E+02  5.0748E+03
  2.0000E+00  1.0500E+02  4.8032E+03
  2.0000E+00  1.0600E+02  4.5461E+03
  2.0000E+00  1.0700E+02  4.3029E+03
  2.0000E+00  1.0800E+02  4.0726E+03
  2.0000E+00  1.0900E+02  3.8546E+03
  2.0000E+00  1.1000E+02  3.6484E+03
  2.0000E+00  1.1100E+02  3.4531E+03
  2.0000E+00  1.1200E+02  3.2683E+03
  2.0000E+00  1.1300E+02  3.0934E+03
  2.0000E+00  1.1400E+02  2.9279E+03
  2.0000E+00  1.1500E+02  2.7712E+03
  2.0000E+00  1.1600E+02  2.6229E+03
  2.0000E+00  1.1700E+02  2.4825E+03
  2.0000E+00  1.1800E+02  2.3497E+03
  2.0000E+00  1.1900E+02  2.2239E+03
  2.0000E+00  1.2000E+02  2.1049E+03
  2.0000E+00  1.2100E+02  1.9923E+03
  2.0000E+00  1.2200E+02  1.8857E+03
  2.0000E+00  1.2300E+02  1.7847E+03
  2.0000E+00  1.2400E+02  1.6892E+03
  2.0000E+00  1.2500E+02  1.5988E+03
  2.0000E+00  1.2600E+02  1.5133E+03
  2.0000E+00  1.2700E+02  1.4323E+03
  2.0000E+00  1.2800E+02  1.3556E+03
  2.0000E+00  1.2900E+02  1.2831E+03
  2.0000E+00  1.3000E+02  1.2144E+03
  3.0000E+00  0.0000E+00  0.0000E+00
  3.0000E+00  0.0000E+00  0.0000E+00
  3.0000E+00  1.0000E+00  4.8650E+02
  3.0000E+00  2.0000E+00  9.4696E+02
  3.0000E+00  3.0000E+00  1.3828E+03
  3.0000E+00  4.0000E+00  1.7953E+03
  3.0000E+00  5.0000E+00  2.1857E+03
  3.0000E+00  6.0000E+00  2.5552E+03
  3.0000E+00  7.0000E+00  2.9050E+03
  3.0000E+00  8.0000E+00  3.2360E+03
  3.0000E+00  9.0000E+00  3.5494E+03
  3.0000E+00  1.0000E+01  3.8459E+03
  3.0000E+00  1.1000E+01  3.6401E+03
  3.0000E+00  1.2000E+01  3.4453E+03
  3.0000E+00  1.3000E+01  3.2609E+03
  3.0000E+00  1.4000E+01  3.0864E+03
  3.0000E+00  1.5000E+01  2.9212E+03
  3.0000E+00  1.6000E+01  2.7649E+03
  3.0000E+00  1.7000E+01  2.6170E+03
  3.0000E+00  1.8000E+01  2.4769E+03
  3.0000E+00  1.9000E+01  2.3444E+03
  3.0000E+00  2.0000E+01  2.2189E+03
  3.0000E+00  2.1000E+01  2.1002E+03
  3.0000E+00  2.2000E+01  1.9878E+03
  3.0000E+00  2.3000E+01  1.8814E+03
  3.0000E+00  2.4000E+01  1.7807E+03
  3.0000E+00  2.5000E+01  2.1719E+03
  3.0000E+00  2.6000E+01  2.5422E+03
  3.0000E+00  2.7000E+01  2.8926E+03
  3.0000E+00  2.8000E+01  3.2243E+03
  3.0000E+00  2.9000E+01  3.5383E+03
  3.0000E+00  3.0000E+01  3.8354E+03
  3.0000E+00  3.1000E+01  4.1167E+03
  3.0000E+00  3.2000E+01  4.3829E+03
  3.0000E+00  3.3000E+01  4.6348E+03
  3.0000E+00  3.4000E+01  4.8733E+03
  3.0000E+00  3.5000E+01  4.6125E+03
  3.0000E+00  3.6000E+01  4.3657E+03
  3.0000E+00  3.7000E+01  4.1320E+03
  3.0000E+00  3.8000E+01  3.9109E+03
  3.0000E+00  3.9000E+01  3.7016E+03
  3.0000E+00  4.0000E+01  3.5035E+03
  3.0000E+00  4.1000E+01  3.3160E+03
  3.0000E+00  4.2000E+01  3.1386E+03
  3.0000E+00  4.3000E+01  2.9706E+03
  3.0000E+00  4.4000E+01  2.8116E+03
  3.0000E+00  4.5000E+01  2.6612E+03
  3.0000E+00  4.6000E+01  2.5188E+03
  3.0000E+00  4.7000E+01  2.3840E+03
  3.0000E+00  4.8000E+01  2.2564E+03
  3.0000E+00  4.9000E+01  2.6221E+03
  3.0000E+00  5.0000E+01  2.9683E+03
  3.0000E+00  5.1000E+01  3.2960E+03
  3.0000E+00  5.2000E+01  3.6061E+03
  3.0000E+00  5.3000E+01  3.8996E+03
  3.0000E+00  5.4000E+01  4.1774E+03
  3.0000E+00  5.5000E+01  4.4404E+03
  3.0000E+00  5.6000E+01  4.6892E+03
  3.0000E+00  5.7000E+01  4.9248E+03
  3.0000E+00  5.8000E+01  5.1477E+03
  3.0000E+00  5.9000E+01  4.8723E+03
  3.0000E+00  6.0000E+01  4.6115E+03
  3.0000E+00  6.1000E+01  4.3647E+03
  3.0000E+00  6.2000E+01  4.1312E+03
  3.0000E+00  6.3000E+01  3.9101E+03
  3.0000E+00  6.4000E+01  3.7008E+03
  3.0000E+00  6.5000E+01  3.5028E+03
  3.0000E+00  6.6000E+01  3.3153E+03
  3.0000E+00  6.7000E+01  3.1379E+03
  3.0000E+00  6.8000E+01  2.9700E+03
  3.0000E+00  6.9000E+01  2.8110E+03
  3.0000E+00  7.0000E+01  2.6606E+03
  3.0000E+00  7.1000E+01  2.5182E+03
  3.0000E+00  7.2000E+01  2.3835E+03
  3.0000E+00  7.3000E+01  2.7424E+03
  3.0000E+00  7.4000E+01  3.0822E+03
  3.0000E+00  7.5000E+01  3.4037E+03
  3.0000E+00  7.6000E+01  3.7081E+03
  3.0000E+00  7.7000E+01  3.9961E+03
  3.0000E+00  7.8000E+01  4.2688E+03
  3.0000E+00  7.9000E+01  4.5268E+03
  3.0000E+00  8.0000E+01  4.7711E+03
  3.0000E+00  8.1000E+01  5.0022E+03
  3.0000E+00  8.2000E+01  5.2211E+03
  3.0000E+00  8.3000E+01  4.9416E+03
  3.0000E+00  8.4000E+01  4.6772E+03
  3.0000E+00  8.5000E+01  4.4269E+03
  3.0000E+00  8.6000E+01  4.1900E+03
  3.0000E+00  8.7000E+01  3.9658E+03
  3.0000E+00  8.8000E+01  3.7535E+03
  3.0000E+00  8.9000E+01  3.5527E+03
  3.0000E+00  9.0000E+01  3.3625E+03
  3.0000E+00  9.1000E+01  3.1826E+03
  3.0000E+00  9.2000E+01  3.0123E+03
  3.0000E+00  9.3000E+01  2.8511E+03
  3.0000E+00  9.4000E+01  2.6985E+03
  3.0000E+00  9.5000E+01  2.5541E+03
  3.0000E+00  9.6000E+01  2.4174E+03
  3.0000E+00  9.7000E+01  2.2880E+03
  3.0000E+00  9.8000E+01  2.1656E+03
  3.0000E+00  9.9000E+01  2.0497E+03
  3.0000E+00  1.0000E+02  1.9400E+03
  3.0000E+00  1.0100E+02  1.8362E+03
  3.0000E+00  1.0200E+02  1.7379E+03
  3.0000E+00  1.0300E+02  1.6449E+03
  3.0000E+00  1.0400E+02  1.5569E+03
  3.0000E+00  1.0500E+02  1.4736E+03
  3.0000E+00  1.0600E+02  1.3947E+03
  3.0000E+00  1.0700E+02  1.3201E+03
  3.0000E+00  1.0800E+02  1.2494E+03
  3.0000E+00  1.0900E+02  1.1826E+03
  3.0000E+00  1.1000E+02  1.1193E+03
  3.0000E+00  1.1100E+02  1.0594E+03
  3.0000E+00  1.1200E+02  1.0027E+03
  3.0000E+00  1.1300E+02  9.4904E+02
  3.0000E+00  1.1400E+02  8.9826E+02
  3.0000E+00  1.1500E+02  8.5019E+02
  3.0000E+00  1.1600E+02  8.0469E+02
  3.0000E+00  1.1700E+02  7.6163E+02
  3.0000E+00  1.1800E+02  7.2087E+02
  3.0000E+00  1.1900E+02  6.8229E+02
  3.0000E+00  1.2000E+02  6.4578E+02
  3.0000E+00  1.2100E+02  6.1122E+02
  3.0000E+00  1.2200E+02  5.7851E+02
  3.0000E+00  1.2300E+02  5.4755E+02
  3.0000E+00  1.2400E+02  5.1825E+02
  3.0000E+00  1.2500E+02  4.9051E+02
  3.0000E+00  1.2600E+02  4.6426E+02
  3.0000E+00  1.2700E+02  4.3942E+02
  3.0000E+00  1.2800E+02  4.1590E+02
  3.0000E+00  1.2900E+02  3.9365E+02
  3.0000E+00  1.3000E+02  3.7258E+02
  4.0000E+00  0.0000E+00  0.0000E+00
  4.0000E+00  0.0000E+00  0.0000E+00
  4.0000E+00  1.0000E+00  1.9684E+02
  4.0000E+00  2.0000E+00  5.4518E+02
  4.0000E+00  3.0000E+00  9.1103E+02
  4.0000E+00  4.0000E+00  1.2654E+03
  4.0000E+00  5.0000E+00  1.6026E+03
  4.0000E+00  6.0000E+00  1.9221E+03
  4.0000E+00  7.0000E+00  2.2246E+03
  4.0000E+00  8.0000E+00  2.5110E+03
  4.0000E+00  9.0000E+00  2.7820E+03
  4.0000E+00  1.0000E+01  3.0386E+03
  4.0000E+00  1.1000E+01  3.2814E+03
  4.0000E+00  1.2000E+01  3.5112E+03
  4.0000E+00  1.3000E+01  3.5319E+03
  4.0000E+00  1.4000E+01  3.3894E+03
  4.0000E+00  1.5000E+01  3.2184E+03
  4.0000E+00  1.6000E+01  3.0485E+03
  4.0000E+00  1.7000E+01  2.8859E+03
  4.0000E+00  1.8000E+01  2.7315E+03
  4.0000E+00  1.9000E+01  2.5854E+03
  4.0000E+00  2.0000E+01  2.4470E+03
  4.0000E+00  2.1000E+01  2.3161E+03
  4.0000E+00  2.2000E+01  2.1921E+03
  4.0000E+00  2.3000E+01  2.0748E+03
  4.0000E+00  2.4000E+01  1.9638E+03
  4.0000E+00  2.5000E+01  2.0555E+03
  4.0000E+00  2.6000E+01  2.3044E+03
  4.0000E+00  2.7000E+01  2.5761E+03
  4.0000E+00  2.8000E+01  2.8414E+03
  4.0000E+00  2.9000E+01  3.0942E+03
  4.0000E+00  3.0000E+01  3.3339E+03
  4.0000E+00  3.1000E+01  3.5609E+03
  4.0000E+00  3.2000E+01  3.7757E+03
  4.0000E+00  3.3000E+01  3.9791E+03
  4.0000E+00  3.4000E+01  4.1716E+03
  4.0000E+00  3.5000E+01  4.3537E+03
  4.0000E+00  3.6000E+01  4.5262E+03
  4.0000E+00  3.7000E+01  4.4925E+03
  4.0000E+00  3.8000E+01  4.2987E+03
  4.0000E+00  3.9000E+01  4.0790E+03
  4.0000E+00  4.0000E+01  3.8630E+03
  4.0000E+00  4.1000E+01  3.6568E+03
  4.0000E+00  4.2000E+01  3.4612E+03
  4.0000E+00  4.3000E+01  3.2760E+03
  4.0000E+00  4.4000E+01  3.1007E+03
  4.0000E+00  4.5000E+01  2.9348E+03
  4.0000E+00  4.6000E+01  2.7777E+03
  4.0000E+00  4.7000E+01  2.6291E+03
  4.0000E+00  4.8000E+01  2.4884E+03
  4.0000E+00  4.9000E+01  2.5521E+03
  4.0000E+00  5.0000E+01  2.7744E+03
  4.0000E+00  5.1000E+01  3.0209E+03
  4.0000E+00  5.2000E+01  3.2624E+03
  4.0000E+00  5.3000E+01  3.4927E+03
  4.0000E+00  5.4000E+01  3.7111E+03
  4.0000E+00  5.5000E+01  3.9179E+03
  4.0000E+00  5.6000E+01  4.1136E+03
  4.0000E+00  5.7000E+01  4.2989E+03
  4.0000E+00  5.8000E+01  4.4742E+03
  4.0000E+00  5.9000E+01  4.6402E+03
  4.0000E+00  6.0000E+01  4.7973E+03
  4.0000E+00  6.1000E+01  4.7492E+03
  4.0000E+00  6.2000E+01  4.5416E+03
  4.0000E+00  6.3000E+01  4.3089E+03
  4.0000E+00  6.4000E+01  4.0806E+03
  4.0000E+00  6.5000E+01  3.8628E+03
  4.0000E+00  6.6000E+01  3.6562E+03
  4.0000E+00  6.7000E+01  3.4605E+03
  4.0000E+00  6.8000E+01  3.2754E+03
  4.0000E+00  6.9000E+01  3.1001E+03
  4.0000E+00  7.0000E+01  2.9342E+03
  4.0000E+00  7.1000E+01  2.7772E+03
  4.0000E+00  7.2000E+01  2.6285E+03
  4.0000E+00  7.3000E+01  2.6847E+03
  4.0000E+00  7.4000E+01  2.8999E+03
  4.0000E+00  7.5000E+01  3.1397E+03
  4.0000E+00  7.6000E+01  3.3748E+03
  4.0000E+00  7.7000E+01  3.5991E+03
  4.0000E+00  7.8000E+01  3.8118E+03
  4.0000E+00  7.9000E+01  4.0132E+03
  4.0000E+00  8.0000E+01  4.2039E+03
  4.0000E+00  8.1000E+01  4.3843E+03
  4.0000E+00  8.2000E+01  4.5551E+03
  4.0000E+00  8.3000E+01  4.7167E+03
  4.0000E+00  8.4000E+01  4.8697E+03
  4.0000E+00  8.5000E+01  4.8177E+03
  4.0000E+00  8.6000E+01  4.6064E+03
  4.0000E+00  8.7000E+01  4.3703E+03
  4.0000E+00  8.8000E+01  4.1388E+03
  4.0000E+00  8.9000E+01  3.9178E+03
  4.0000E+00  9.0000E+01  3.7082E+03
  4.0000E+00  9.1000E+01  3.5098E+03
  4.0000E+00  9.2000E+01  3.3220E+03
  4.0000E+00  9.3000E+01  3.1442E+03
  4.0000E+00  9.4000E+01  2.9760E+03
  4.0000E+00  9.5000E+01  2.8167E+03
  4.0000E+00  9.6000E+01  2.6660E+03
  4.0000E+00  9.7000E+01  2.5233E+03
  4.0000E+00  9.8000E+01  2.3883E+03
  4.0000E+00  9.9000E+01  2.2605E+03
  4.0000E+00  1.0000E+02  2.1395E+03
  4.0000E+00  1.0100E+02  2.0250E+03
  4.0000E+00  1.0200E+02  1.9166E+03
  4.0000E+00  1.0300E+02  1.8141E+03
  4.0000E+00  1.0400E+02  1.7170E+03
  4.0000E+00  1.0500E+02  1.6251E+03
  4.0000E+00  1.0600E+02  1.5381E+03
  4.0000E+00  1.0700E+02  1.4558E+03
  4.0000E+00  1.0800E+02  1.3779E+03
  4.0000E+00  1.0900E+02  1.3042E+03
  4.0000E+00  1.1000E+02  1.2344E+03
  4.0000E+00  1.1100E+02  1.1683E+03
  4.0000E+00  1.1200E+02  1.1058E+03
  4.0000E+00  1.1300E+02  1.0466E+03
  4.0000E+00  1.1400E+02  9.9061E+02
  4.0000E+00  1.1500E+02  9.3760E+02
  4.0000E+00  1.1600E+02  8.8742E+02
  4.0000E+00  1.1700E+02  8.3993E+02
  4.0000E+00  1.1800E+02  7.9498E+02
  4.0000E+00  1.1900E+02  7.5244E+02
  4.0000E+00  1.2000E+02  7.1217E+02
  4.0000E+00  1.2100E+02  6.7406E+02
  4.0000E+00  1.2200E+02  6.3799E+02
  4.0000E+00  1.2300E+02  6.0385E+02
  4.0000E+00  1.2400E+02  5.7153E+02
  4.0000E+00  1.2500E+02  5.4095E+02
  4.0000E+00  1.2600E+02  5.1200E+02
  4.0000E+00  1.2700E+02  4.8460E+02
  4.0000E+00  1.2800E+02  4.5867E+02
  4.0000E+00  1.2900E+02  4.3412E+02
  4.0000E+00  1.3000E+02  4.1089E+02
  5.0000E+00  0.0000E+00  0.0000E+00
  5.0000E+00  0.0000E+00  0.0000E+00
  5.0000E+00  1.0000E+00  0.0000E+00
  5.0000E+00  2.0000E+00  0.0000E+00
  5.0000E+00  3.0000E+00  0.0000E+00
  5.0000E+00  4.0000E+00  0.0000E+00
  5.0000E+00  5.0000E+00  4.1522E+02
  5.0000E+00  6.0000E+00  8.7950E+02
  5.0000E+00  7.0000E+00  1.3189E+03
  5.0000E+00  8.0000E+00  1.7348E+03
  5.0000E+00  9.0000E+00  2.1285E+03
  5.0000E+00  1.0000E+01  2.5011E+03
  5.0000E+00  1.1000E+01  2.8537E+03
  5.0000E+00  1.2000E+01  3.1875E+03
  5.0000E+00  1.3000E+01  3.5034E+03
  5.0000E+00  1.4000E+01  3.8025E+03
  5.0000E+00  1.5000E+01  3.6703E+03
  5.0000E+00  1.6000E+01  3.4738E+03
  5.0000E+00  1.7000E+01  3.2879E+03
  5.0000E+00  1.8000E+01  3.1120E+03
  5.0000E+00  1.9000E+01  2.9454E+03
  5.0000E+00  2.0000E+01  2.7878E+03
  5.0000E+00  2.1000E+01  2.6386E+03
  5.0000E+00  2.2000E+01  2.4974E+03
  5.0000E+00  2.3000E+01  2.3638E+03
  5.0000E+00  2.4000E+01  2.2373E+03
  5.0000E+00  2.5000E+01  2.1176E+03
  5.0000E+00  2.6000E+01  2.0042E+03
  5.0000E+00  2.7000E+01  1.8970E+03
  5.0000E+00  2.8000E+01  1.7955E+03
  5.0000E+00  2.9000E+01  2.1146E+03
  5.0000E+00  3.0000E+01  2.4879E+03
  5.0000E+00  3.1000E+01  2.8413E+03
  5.0000E+00  3.2000E+01  3.1757E+03
  5.0000E+00  3.3000E+01  3.4923E+03
  5.0000E+00  3.4000E+01  3.7919E+03
  5.0000E+00  3.5000E+01  4.0755E+03
  5.0000E+00  3.6000E+01  4.3439E+03
  5.0000E+00  3.7000E+01  4.5979E+03
  5.0000E+00  3.8000E+01  4.8384E+03
  5.0000E+00  3.9000E+01  4.6507E+03
  5.0000E+00  4.0000E+01  4.4018E+03
  5.0000E+00  4.1000E+01  4.1663E+03
  5.0000E+00  4.2000E+01  3.9433E+03
  5.0000E+00  4.3000E+01  3.7323E+03
  5.0000E+00  4.4000E+01  3.5325E+03
  5.0000E+00  4.5000E+01  3.3435E+03
  5.0000E+00  4.6000E+01  3.1646E+03
  5.0000E+00  4.7000E+01  2.9952E+03
  5.0000E+00  4.8000E+01  2.8349E+03
  5.0000E+00  4.9000E+01  2.6832E+03
  5.0000E+00  5.0000E+01  2.5396E+03
  5.0000E+00  5.1000E+01  2.4037E+03
  5.0000E+00  5.2000E+01  2.2751E+03
  5.0000E+00  5.3000E+01  2.5686E+03
  5.0000E+00  5.4000E+01  2.9176E+03
  5.0000E+00  5.5000E+01  3.2480E+03
  5.0000E+00  5.6000E+01  3.5606E+03
  5.0000E+00  5.7000E+01  3.8566E+03
  5.0000E+00  5.8000E+01  4.1367E+03
  5.0000E+00  5.9000E+01  4.4018E+03
  5.0000E+00  6.0000E+01  4.6528E+03
  5.0000E+00  6.1000E+01  4.8903E+03
  5.0000E+00  6.2000E+01  5.1151E+03
  5.0000E+00  6.3000E+01  4.9126E+03
  5.0000E+00  6.4000E+01  4.6497E+03
  5.0000E+00  6.5000E+01  4.4009E+03
  5.0000E+00  6.6000E+01  4.1654E+03
  5.0000E+00  6.7000E+01  3.9425E+03
  5.0000E+00  6.8000E+01  3.7315E+03
  5.0000E+00  6.9000E+01  3.5318E+03
  5.0000E+00  7.0000E+01  3.3428E+03
  5.0000E+00  7.1000E+01  3.1639E+03
  5.0000E+00  7.2000E+01  2.9946E+03
  5.0000E+00  7.3000E+01  2.8343E+03
  5.0000E+00  7.4000E+01  2.6827E+03
  5.0000E+00  7.5000E+01  2.5391E+03
  5.0000E+00  7.6000E+01  2.4032E+03
  5.0000E+00  7.7000E+01  2.6898E+03
  5.0000E+00  7.8000E+01  3.0324E+03
  5.0000E+00  7.9000E+01  3.3566E+03
  5.0000E+00  8.0000E+01  3.6635E+03
  5.0000E+00  8.1000E+01  3.9539E+03
  5.0000E+00  8.2000E+01  4.2288E+03
  5.0000E+00  8.3000E+01  4.4890E+03
  5.0000E+00  8.4000E+01  4.7353E+03
  5.0000E+00  8.5000E+01  4.9684E+03
  5.0000E+00  8.6000E+01  5.1890E+03
  5.0000E+00  8.7000E+01  4.9826E+03
  5.0000E+00  8.8000E+01  4.7159E+03
  5.0000E+00  8.9000E+01  4.4636E+03
  5.0000E+00  9.0000E+01  4.2247E+03
  5.0000E+00  9.1000E+01  3.9986E+03
  5.0000E+00  9.2000E+01  3.7846E+03
  5.0000E+00  9.3000E+01  3.5821E+03
  5.0000E+00  9.4000E+01  3.3904E+03
  5.0000E+00  9.5000E+01  3.2090E+03
  5.0000E+00  9.6000E+01  3.0372E+03
  5.0000E+00  9.7000E+01  2.8747E+03
  5.0000E+00  9.8000E+01  2.7209E+03
  5.0000E+00  9.9000E+01  2.5753E+03
  5.0000E+00  1.0000E+02  2.4374E+03
  5.0000E+00  1.0100E+02  2.3070E+03
  5.0000E+00  1.0200E+02  2.1835E+03
  5.0000E+00  1.0300E+02  2.0667E+03
  5.0000E+00  1.0400E+02  1.9561E+03
  5.0000E+00  1.0500E+02  1.8514E+03
  5.0000E+00  1.0600E+02  1.7523E+03
  5.0000E+00  1.0700E+02  1.6586E+03
  5.0000E+00  1.0800E+02  1.5698E+03
  5.0000E+00  1.0900E+02  1.4858E+03
  5.0000E+00  1.1000E+02  1.4063E+03
  5.0000E+00  1.1100E+02  1.3310E+03
  5.0000E+00  1.1200E+02  1.2598E+03
  5.0000E+00  1.1300E+02  1.1924E+03
  5.0000E+00  1.1400E+02  1.1286E+03
  5.0000E+00  1.1500E+02  1.0682E+03
  5.0000E+00  1.1600E+02  1.0110E+03
  5.0000E+00  1.1700E+02  9.5691E+02
  5.0000E+00  1.1800E+02  9.0570E+02
  5.0000E+00  1.1900E+02  8.5723E+02
  5.0000E+00  1.2000E+02  8.1135E+02
  5.0000E+00  1.2100E+02  7.6793E+02
  5.0000E+00  1.2200E+02  7.2684E+02
  5.0000E+00  1.2300E+02  6.8794E+02
  5.0000E+00  1.2400E+02  6.5113E+02
  5.0000E+00  1.2500E+02  6.1628E+02
  5.0000E+00  1.2600E+02  5.8330E+02
  5.0000E+00  1.2700E+02  5.5209E+02
  5.0000E+00  1.2800E+02  5.2254E+02
  5.0000E+00  1.2900E+02  4.9458E+02
  5.0000E+00  1.3000E+02  4.6811E+02
  6.0000E+00  0.0000E+00  0.0000E+00
  6.0000E+00  0.0000E+00  0.0000E+00
  6.0000E+00  1.0000E+00  0.0000E+00
  6.0000E+00  2.0000E+00  0.0000E+00
  6.0000E+00  3.0000E+00  0.0000E+00
  6.0000E+00  4.0000E+00  3.6737E+02
  6.0000E+00  5.0000E+00  8.3421E+02
  6.0000E+00  6.0000E+00  1.2761E+03
  6.0000E+00  7.0000E+00  1.6943E+03
  6.0000E+00  8.0000E+00  1.7805E+03
  6.0000E+00  9.0000E+00  1.6852E+03
  6.0000E+00  1.0000E+01  1.5950E+03
  6.0000E+00  1.1000E+01  1.5097E+03
  6.0000E+00  1.2000E+01  1.4289E+03
  6.0000E+00  1.3000E+01  1.3524E+03
  6.0000E+00  1.4000E+01  1.2800E+03
  6.0000E+00  1.5000E+01  1.2115E+03
  6.0000E+00  1.6000E+01  1.1467E+03
  6.0000E+00  1.7000E+01  1.0853E+03
  6.0000E+00  1.8000E+01  1.0273E+03
  6.0000E+00  1.9000E+01  9.7229E+02
  6.0000E+00  2.0000E+01  9.2025E+02
  6.0000E+00  2.1000E+01  8.7101E+02
  6.0000E+00  2.2000E+01  8.2440E+02
  6.0000E+00  2.3000E+01  7.8028E+02
  6.0000E+00  2.4000E+01  7.3852E+02
  6.0000E+00  2.5000E+01  6.9900E+02
  6.0000E+00  2.6000E+01  6.6159E+02
  6.0000E+00  2.7000E+01  6.2619E+02
  6.0000E+00  2.8000E+01  9.6005E+02
  6.0000E+00  2.9000E+01  1.3952E+03
  6.0000E+00  3.0000E+01  1.8070E+03
  6.0000E+00  3.1000E+01  2.1968E+03
  6.0000E+00  3.2000E+01  2.2561E+03
  6.0000E+00  3.3000E+01  2.1354E+03
  6.0000E+00  3.4000E+01  2.0211E+03
  6.0000E+00  3.5000E+01  1.9130E+03
  6.0000E+00  3.6000E+01  1.8106E+03
  6.0000E+00  3.7000E+01  1.7137E+03
  6.0000E+00  3.8000E+01  1.6220E+03
  6.0000E+00  3.9000E+01  1.5352E+03
  6.0000E+00  4.0000E+01  1.4530E+03
  6.0000E+00  4.1000E+01  1.3753E+03
  6.0000E+00  4.2000E+01  1.3017E+03
  6.0000E+00  4.3000E+01  1.2320E+03
  6.0000E+00  4.4000E+01  1.1661E+03
  6.0000E+00  4.5000E+01  1.1037E+03
  6.0000E+00  4.6000E+01  1.0446E+03
  6.0000E+00  4.7000E+01  9.8872E+02
  6.0000E+00  4.8000E+01  9.3581E+02
  6.0000E+00  4.9000E+01  8.8573E+02
  6.0000E+00  5.0000E+01  8.3833E+02
  6.0000E+00  5.1000E+01  7.9346E+02
  6.0000E+00  5.2000E+01  1.1184E+03
  6.0000E+00  5.3000E+01  1.5450E+03
  6.0000E+00  5.4000E+01  1.9488E+03
  6.0000E+00  5.5000E+01  2.3310E+03
  6.0000E+00  5.6000E+01  2.3832E+03
  6.0000E+00  5.7000E+01  2.2557E+03
  6.0000E+00  5.8000E+01  2.1349E+03
  6.0000E+00  5.9000E+01  2.0207E+03
  6.0000E+00  6.0000E+01  1.9126E+03
  6.0000E+00  6.1000E+01  1.8102E+03
  6.0000E+00  6.2000E+01  1.7133E+03
  6.0000E+00  6.3000E+01  1.6216E+03
  6.0000E+00  6.4000E+01  1.5349E+03
  6.0000E+00  6.5000E+01  1.4527E+03
  6.0000E+00  6.6000E+01  1.3750E+03
  6.0000E+00  6.7000E+01  1.3014E+03
  6.0000E+00  6.8000E+01  1.2318E+03
  6.0000E+00  6.9000E+01  1.1658E+03
  6.0000E+00  7.0000E+01  1.1034E+03
  6.0000E+00  7.1000E+01  1.0444E+03
  6.0000E+00  7.2000E+01  9.8851E+02
  6.0000E+00  7.3000E+01  9.3561E+02
  6.0000E+00  7.4000E+01  8.8554E+02
  6.0000E+00  7.5000E+01  8.3815E+02
  6.0000E+00  7.6000E+01  1.1607E+03
  6.0000E+00  7.7000E+01  1.5851E+03
  6.0000E+00  7.8000E+01  1.9867E+03
  6.0000E+00  7.9000E+01  2.3669E+03
  6.0000E+00  8.0000E+01  2.4171E+03
  6.0000E+00  8.1000E+01  2.2878E+03
  6.0000E+00  8.2000E+01  2.1654E+03
  6.0000E+00  8.3000E+01  2.0495E+03
  6.0000E+00  8.4000E+01  1.9398E+03
  6.0000E+00  8.5000E+01  1.8360E+03
  6.0000E+00  8.6000E+01  1.7377E+03
  6.0000E+00  8.7000E+01  1.6447E+03
  6.0000E+00  8.8000E+01  1.5567E+03
  6.0000E+00  8.9000E+01  1.4734E+03
  6.0000E+00  9.0000E+01  1.3946E+03
  6.0000E+00  9.1000E+01  1.3199E+03
  6.0000E+00  9.2000E+01  1.2493E+03
  6.0000E+00  9.3000E+01  1.1824E+03
  6.0000E+00  9.4000E+01  1.1192E+03
  6.0000E+00  9.5000E+01  1.0593E+03
  6.0000E+00  9.6000E+01  1.0026E+03
  6.0000E+00  9.7000E+01  9.4893E+02
  6.0000E+00  9.8000E+01  8.9815E+02
  6.0000E+00  9.9000E+01  8.5009E+02
  6.0000E+00  1.0000E+02  8.0459E+02
  6.0000E+00  1.0100E+02  7.6154E+02
  6.0000E+00  1.0200E+02  7.2078E+02
  6.0000E+00  1.0300E+02  6.8221E+02
  6.0000E+00  1.0400E+02  6.4570E+02
  6.0000E+00  1.0500E+02  6.1115E+02
  6.0000E+00  1.0600E+02  5.7844E+02
  6.0000E+00  1.0700E+02  5.4749E+02
  6.0000E+00  1.0800E+02  5.1819E+02
  6.0000E+00  1.0900E+02  4.9046E+02
  6.0000E+00  1.1000E+02  4.6421E+02
  6.0000E+00  1.1100E+02  4.3937E+02
  6.0000E+00  1.1200E+02  4.1586E+02
  6.0000E+00  1.1300E+02  3.9360E+02
  6.0000E+00  1.1400E+02  3.7254E+02
  6.0000E+00  1.1500E+02  3.5260E+02
  6.0000E+00  1.1600E+02  3.3373E+02
  6.0000E+00  1.1700E+02  3.1587E+02
  6.0000E+00  1.1800E+02  2.9897E+02
  6.0000E+00  1.1900E+02  2.8297E+02
  6.0000E+00  1.2000E+02  2.6783E+02
  6.0000E+00  1.2100E+02  2.5349E+02
  6.0000E+00  1.2200E+02  2.3993E+02
  6.0000E+00  1.2300E+02  2.2709E+02
  6.0000E+00  1.2400E+02  2.1494E+02
  6.0000E+00  1.2500E+02  2.0343E+02
  6.0000E+00  1.2600E+02  1.9255E+02
  6.0000E+00  1.2700E+02  1.8224E+02
  6.0000E+00  1.2800E+02  1.7249E+02
  6.0000E+00  1.2900E+02  1.6326E+02
  6.0000E+00  1.3000E+02  1.5452E+02
  7.0000E+00  0.0000E+00  1.0027E+03
  7.0000E+00  0.0000E+00  1.0027E+03
  7.0000E+00  1.0000E+00  9.4908E+02
  7.0000E+00  2.0000E+00  8.9829E+02
  7.0000E+00  3.0000E+00  8.5022E+02
  7.0000E+00  4.0000E+00  1.2152E+03
  7.0000E+00  5.0000E+00  1.6366E+03
  7.0000E+00  6.0000E+00  2.0355E+03
  7.0000E+00  7.0000E+00  2.4131E+03
  7.0000E+00  8.0000E+00  2.4175E+03
  7.0000E+00  9.0000E+00  2.2881E+03
  7.0000E+00  1.0000E+01  2.1657E+03
  7.0000E+00  1.1000E+01  2.0498E+03
  7.0000E+00  1.2000E+01  1.9401E+03
  7.0000E+00  1.3000E+01  1.8363E+03
  7.0000E+00  1.4000E+01  1.7380E+03
  7.0000E+00  1.5000E+01  1.6450E+03
  7.0000E+00  1.6000E+01  1.5570E+03
  7.0000E+00  1.7000E+01  1.4736E+03
  7.0000E+00  1.8000E+01  1.3948E+03
  7.0000E+00  1.9000E+01  1.3201E+03
  7.0000E+00  2.0000E+01  1.2495E+03
  7.0000E+00  2.1000E+01  1.1826E+03
  7.0000E+00  2.2000E+01  1.1193E+03
  7.0000E+00  2.3000E+01  1.0594E+03
  7.0000E+00  2.4000E+01  1.0027E+03
  7.0000E+00  2.5000E+01  9.4908E+02
  7.0000E+00  2.6000E+01  8.9829E+02
  7.0000E+00  2.7000E+01  8.5022E+02
  7.0000E+00  2.8000E+01  1.2152E+03
  7.0000E+00  2.9000E+01  1.6366E+03
  7.0000E+00  3.0000E+01  2.0355E+03
  7.0000E+00  3.1000E+01  2.4131E+03
  7.0000E+00  3.2000E+01  2.4175E+03
  7.0000E+00  3.3000E+01  2.2881E+03
  7.0000E+00  3.4000E+01  2.1657E+03
  7.0000E+00  3.5000E+01  2.0498E+03
  7.0000E+00  3.6000E+01  1.9401E+03
  7.0000E+00  3.7000E+01  1.8363E+03
  7.0000E+00  3.8000E+01  1.7380E+03
  7.0000E+00  3.9000E+01  1.6450E+03
  7.0000E+00  4.0000E+01  1.5570E+03
  7.0000E+00  4.1000E+01  1.4736E+03
  7.0000E+00  4.2000E+01  1.3948E+03
  7.0000E+00  4.3000E+01  1.3201E+03
  7.0000E+00  4.4000E+01  1.2495E+03
  7.0000E+00  4.5000E+01  1.1826E+03
  7.0000E+00  4.6000E+01  1.1193E+03
  7.0000E+00  4.7000E+01  1.0594E+03
  7.0000E+00  4.8000E+01  1.0027E+03
  7.0000E+00  4.9000E+01  9.4908E+02
  7.0000E+00  5.0000E+01  8.9829E+02
  7.0000E+00  5.1000E+01  8.5022E+02
  7.0000E+00  5.2000E+01  1.2152E+03
  7.0000E+00  5.3000E+01  1.6366E+03
  7.0000E+00  5.4000E+01  2.0355E+03
  7.0000E+00  5.5000E+01  2.4131E+03
  7.0000E+00  5.6000E+01  2.4175E+03
  7.0000E+00  5.7000E+01  2.2881E+03
  7.0000E+00  5.8000E+01  2.1657E+03
  7.0000E+00  5.9000E+01  2.0498E+03
  7.0000E+00  6.0000E+01  1.9401E+03
  7.0000E+00  6.1000E+01  1.8363E+03
  7.0000E+00  6.2000E+01  1.7380E+03
  7.0000E+00  6.3000E+01  1.6450E+03
  7.0000E+00  6.4000E+01  1.5570E+03
  7.0000E+00  6.5000E+01  1.4736E+03
  7.0000E+00  6.6000E+01  1.3948E+03
  7.0000E+00  6.7000E+01  1.3201E+03
  7.0000E+00  6.8000E+01  1.2495E+03
  7.0000E+00  6.9000E+01  1.1826E+03
  7.0000E+00  7.0000E+01  1.1193E+03
  7.0000E+00  7.1000E+01  1.0594E+03
  7.0000E+00  7.2000E+01  1.0027E+03
  7.0000E+00  7.3000E+01  9.4908E+02
  7.0000E+00  7.4000E+01  8.9829E+02
  7.0000E+00  7.5000E+01  8.5022E+02
  7.0000E+00  7.6000E+01  1.2152E+03
  7.0000E+00  7.7000E+01  1.6366E+03
  7.0000E+00  7.8000E+01  2.0355E+03
  7.0000E+00  7.9000E+01  2.4131E+03
  7.0000E+00  8.0000E+01  2.4175E+03
  7.0000E+00  8.1000E+01  2.2881E+03
  7.0000E+00  8.2000E+01  2.1657E+03
  7.0000E+00  8.3000E+01  2.0498E+03
  7.0000E+00  8.4000E+01  1.9401E+03
  7.0000E+00  8.5000E+01  1.8363E+03
  7.0000E+00  8.6000E+01  1.7380E+03
  7.0000E+00  8.7000E+01  1.6450E+03
  7.0000E+00  8.8000E+01  1.5570E+03
  7.0000E+00  8.9000E+01  1.4736E+03
  7.0000E+00  9.0000E+01  1.3948E+03
  7.0000E+00  9.1000E+01  1.3201E+03
  7.0000E+00  9.2000E+01  1.2495E+03
  7.0000E+00  9.3000E+01  1.1826E+03
  7.0000E+00  9.4000E+01  1.1193E+03
  7.0000E+00  9.5000E+01  1.0594E+03
  7.0000E+00  9.6000E+01  1.0027E+03
  7.0000E+00  9.7000E+01  9.4908E+02
  7.0000E+00  9.8000E+01  8.9829E+02
  7.0000E+00  9.9000E+01  8.5022E+02
  7.0000E+00  1.0000E+02  8.0472E+02
  7.0000E+00  1.0100E+02  7.6166E+02
  7.0000E+00  1.0200E+02  7.2090E+02
  7.0000E+00  1.0300E+02  6.8232E+02
  7.0000E+00  1.0400E+02  6.4580E+02
  7.0000E+00  1.0500E+02  6.1124E+02
  7.0000E+00  1.0600E+02  5.7853E+02
  7.0000E+00  1.0700E+02  5.4757E+02
  7.0000E+00  1.0800E+02  5.1827E+02
  7.0000E+00  1.0900E+02  4.9053E+02
  7.0000E+00  1.1000E+02  4.6428E+02
  7.0000E+00  1.1100E+02  4.3944E+02
  7.0000E+00  1.1200E+02  4.1592E+02
  7.0000E+00  1.1300E+02  3.9366E+02
  7.0000E+00  1.1400E+02  3.7260E+02
  7.0000E+00  1.1500E+02  3.5266E+02
  7.0000E+00  1.1600E+02  3.3378E+02
  7.0000E+00  1.1700E+02  3.1592E+02
  7.0000E+00  1.1800E+02  2.9902E+02
  7.0000E+00  1.1900E+02  2.8301E+02
  7.0000E+00  1.2000E+02  2.6787E+02
  7.0000E+00  1.2100E+02  2.5353E+02
  7.0000E+00  1.2200E+02  2.3997E+02
  7.0000E+00  1.2300E+02  2.2712E+02
  7.0000E+00  1.2400E+02  2.1497E+02
  7.0000E+00  1.2500E+02  2.0347E+02
  7.0000E+00  1.2600E+02  1.9258E+02
  7.0000E+00  1.2700E+02  1.8227E+02
  7.0000E+00  1.2800E+02  1.7252E+02
  7.0000E+00  1.2900E+02  1.6328E+02
  7.0000E+00  1.3000E+02  1.5455E+02
  8.0000E+00  0.0000E+00  6.0145E+03
  8.0000E+00  0.0000E+00  6.0145E+03
  8.0000E+00  1.0000E+00  6.0818E+03
  8.0000E+00  2.0000E+00  6.1455E+03
  8.0000E+00  3.0000E+00  6.2059E+03
  8.0000E+00  4.0000E+00  6.2630E+03
  8.0000E+00  5.0000E+00  6.2774E+03
  8.0000E+00  6.0000E+00  6.2334E+03
  8.0000E+00  7.0000E+00  6.1917E+03
  8.0000E+00  8.0000E+00  6.1523E+03
  8.0000E+00  9.0000E+00  6.1149E+03
  8.0000E+00  1.0000E+01  6.0796E+03
  8.0000E+00  1.1000E+01  6.0461E+03
  8.0000E+00  1.2000E+01  6.0145E+03
  8.0000E+00  1.3000E+01  6.0818E+03
  8.0000E+00  1.4000E+01  6.1455E+03
  8.0000E+00  1.5000E+01  6.2059E+03
  8.0000E+00  1.6000E+01  6.2630E+03
  8.0000E+00  1.7000E+01  6.2774E+03
  8.0000E+00  1.8000E+01  6.2334E+03
  8.0000E+00  1.9000E+01  6.1917E+03
  8.0000E+00  2.0000E+01  6.1523E+03
  8.0000E+00  2.1000E+01  6.1149E+03
  8.0000E+00  2.2000E+01  6.0796E+03
  8.0000E+00  2.3000E+01  6.0461E+03
  8.0000E+00  2.4000E+01  6.0145E+03
  8.0000E+00  2.5000E+01  6.0818E+03
  8.0000E+00  2.6000E+01  6.1455E+03
  8.0000E+00  2.7000E+01  6.2059E+03
  8.0000E+00  2.8000E+01  6.2630E+03
  8.0000E+00  2.9000E+01  6.2774E+03
  8.0000E+00  3.0000E+01  6.2334E+03
  8.0000E+00  3.1000E+01  6.1917E+03
  8.0000E+00  3.2000E+01  6.1523E+03
  8.0000E+00  3.3000E+01  6.1149E+03
  8.0000E+00  3.4000E+01  6.0796E+03
  8.0000E+00  3.5000E+01  6.0461E+03
  8.0000E+00  3.6000E+01  6.0145E+03
  8.0000E+00  3.7000E+01  6.0818E+03
  8.0000E+00  3.8000E+01  6.1455E+03
  8.0000E+00  3.9000E+01  6.2059E+03
  8.0000E+00  4.0000E+01  6.2630E+03
  8.0000E+00  4.1000E+01  6.2774E+03
  8.0000E+00  4.2000E+01  6.2334E+03
  8.0000E+00  4.3000E+01  6.1917E+03
  8.0000E+00  4.4000E+01  6.1523E+03
  8.0000E+00  4.5000E+01  6.1149E+03
  8.0000E+00  4.6000E+01  6.0796E+03
  8.0000E+00  4.7000E+01  6.0461E+03
  8.0000E+00  4.8000E+01  6.0145E+03
  8.0000E+00  4.9000E+01  6.0818E+03
  8.0000E+00  5.0000E+01  6.1455E+03
  8.0000E+00  5.1000E+01  6.2059E+03
  8.0000E+00  5.2000E+01  6.2630E+03
  8.0000E+00  5.3000E+01  6.2774E+03
  8.0000E+00  5.4000E+01  6.2334E+03
  8.0000E+00  5.5000E+01  6.1917E+03
  8.0000E+00  5.6000E+01  6.1523E+03
  8.0000E+00  5.7000E+01  6.1149E+03
  8.0000E+00  5.8000E+01  6.0796E+03
  8.0000E+00  5.9000E+01  6.0461E+03
  8.0000E+00  6.0000E+01  6.0145E+03
  8.0000E+00  6.1000E+01  5.9845E+03
  8.0000E+00  6.2000E+01  5.9562E+03
  8.0000E+00  6.3000E+01  5.9293E+03
  8.0000E+00  6.4000E+01  5.9039E+03
  8.0000E+00  6.5000E+01  5.8403E+03
  8.0000E+00  6.6000E+01  5.7224E+03
  8.0000E+00  6.7000E+01  5.6107E+03
  8.0000E+00  6.8000E+01  5.5051E+03
  8.0000E+00  6.9000E+01  5.4051E+03
  8.0000E+00  7.0000E+01  5.3104E+03
  8.0000E+00  7.1000E+01  5.2208E+03
  8.0000E+00  7.2000E+01  5.1360E+03
  8.0000E+00  7.3000E+01  5.0558E+03
  8.0000E+00  7.4000E+01  4.9798E+03
  8.0000E+00  7.5000E+01  4.9079E+03
  8.0000E+00  7.6000E+01  4.8399E+03
  8.0000E+00  7.7000E+01  4.7359E+03
  8.0000E+00  7.8000E+01  4.5798E+03
  8.0000E+00  7.9000E+01  4.4320E+03
  8.0000E+00  8.0000E+01  4.2921E+03
  8.0000E+00  8.1000E+01  4.1597E+03
  8.0000E+00  8.2000E+01  4.0344E+03
  8.0000E+00  8.3000E+01  3.9158E+03
  8.0000E+00  8.4000E+01  3.8035E+03
  8.0000E+00  8.5000E+01  3.6973E+03
  8.0000E+00  8.6000E+01  3.5967E+03
  8.0000E+00  8.7000E+01  3.5016E+03
  8.0000E+00  8.8000E+01  3.4115E+03
  8.0000E+00  8.9000E+01  3.2866E+03
  8.0000E+00  9.0000E+01  3.1108E+03
  8.0000E+00  9.1000E+01  2.9443E+03
  8.0000E+00  9.2000E+01  2.7867E+03
  8.0000E+00  9.3000E+01  2.6376E+03
  8.0000E+00  9.4000E+01  2.4964E+03
  8.0000E+00  9.5000E+01  2.3628E+03
  8.0000E+00  9.6000E+01  2.2364E+03
  8.0000E+00  9.7000E+01  2.1167E+03
  8.0000E+00  9.8000E+01  2.0034E+03
  8.0000E+00  9.9000E+01  1.8962E+03
  8.0000E+00  1.0000E+02  1.7948E+03
  8.0000E+00  1.0100E+02  1.6987E+03
  8.0000E+00  1.0200E+02  1.6078E+03
  8.0000E+00  1.0300E+02  1.5218E+03
  8.0000E+00  1.0400E+02  1.4403E+03
  8.0000E+00  1.0500E+02  1.3632E+03
  8.0000E+00  1.0600E+02  1.2903E+03
  8.0000E+00  1.0700E+02  1.2212E+03
  8.0000E+00  1.0800E+02  1.1559E+03
  8.0000E+00  1.0900E+02  1.0940E+03
  8.0000E+00  1.1000E+02  1.0355E+03
  8.0000E+00  1.1100E+02  9.8007E+02
  8.0000E+00  1.1200E+02  9.2762E+02
  8.0000E+00  1.1300E+02  8.7798E+02
  8.0000E+00  1.1400E+02  8.3099E+02
  8.0000E+00  1.1500E+02  7.8652E+02
  8.0000E+00  1.1600E+02  7.4443E+02
  8.0000E+00  1.1700E+02  7.0460E+02
  8.0000E+00  1.1800E+02  6.6689E+02
  8.0000E+00  1.1900E+02  6.3120E+02
  8.0000E+00  1.2000E+02  5.9742E+02
  8.0000E+00  1.2100E+02  5.6545E+02
  8.0000E+00  1.2200E+02  5.3519E+02
  8.0000E+00  1.2300E+02  5.0655E+02
  8.0000E+00  1.2400E+02  4.7944E+02
  8.0000E+00  1.2500E+02  4.5378E+02
  8.0000E+00  1.2600E+02  4.2950E+02
  8.0000E+00  1.2700E+02  4.0652E+02
  8.0000E+00  1.2800E+02  3.8476E+02
  8.0000E+00  1.2900E+02  3.6417E+02
  8.0000E+00  1.3000E+02  3.4468E+02
  9.0000E+00  0.0000E+00  7.4989E+03
  9.0000E+00  0.0000E+00  7.4989E+03
  9.0000E+00  1.0000E+00  7.5841E+03
  9.0000E+00  2.0000E+00  7.6647E+03
  9.0000E+00  3.0000E+00  7.6437E+03
  9.0000E+00  4.0000E+00  7.6239E+03
  9.0000E+00  5.0000E+00  7.6051E+03
  9.0000E+00  6.0000E+00  7.5873E+03
  9.0000E+00  7.0000E+00  7.5705E+03
  9.0000E+00  8.0000E+00  7.5545E+03
  9.0000E+00  9.0000E+00  7.5395E+03
  9.0000E+00  1.0000E+01  7.5252E+03
  9.0000E+00  1.1000E+01  7.5117E+03
  9.0000E+00  1.2000E+01  7.4989E+03
  9.0000E+00  1.3000E+01  7.5841E+03
  9.0000E+00  1.4000E+01  7.6647E+03
  9.0000E+00  1.5000E+01  7.6437E+03
  9.0000E+00  1.6000E+01  7.6239E+03
  9.0000E+00  1.7000E+01  7.6051E+03
  9.0000E+00  1.8000E+01  7.5873E+03
  9.0000E+00  1.9000E+01  7.5705E+03
  9.0000E+00  2.0000E+01  7.5545E+03
  9.0000E+00  2.1000E+01  7.5395E+03
  9.0000E+00  2.2000E+01  7.5252E+03
  9.0000E+00  2.3000E+01  7.5117E+03
  9.0000E+00  2.4000E+01  7.4989E+03
  9.0000E+00  2.5000E+01  7.5841E+03
  9.0000E+00  2.6000E+01  7.6647E+03
  9.0000E+00  2.7000E+01  7.6437E+03
  9.0000E+00  2.8000E+01  7.6239E+03
  9.0000E+00  2.9000E+01  7.6051E+03
  9.0000E+00  3.0000E+01  7.5873E+03
  9.0000E+00  3.1000E+01  7.5705E+03
  9.0000E+00  3.2000E+01  7.5545E+03
  9.0000E+00  3.3000E+01  7.5395E+03
  9.0000E+00  3.4000E+01  7.5252E+03
  9.0000E+00  3.5000E+01  7.5117E+03
  9.0000E+00  3.6000E+01  7.4989E+03
  9.0000E+00  3.7000E+01  7.5841E+03
  9.0000E+00  3.8000E+01  7.6647E+03
  9.0000E+00  3.9000E+01  7.6437E+03
  9.0000E+00  4.0000E+01  7.6239E+03
  9.0000E+00  4.1000E+01  7.6051E+03
  9.0000E+00  4.2000E+01  7.5873E+03
  9.0000E+00  4.3000E+01  7.5705E+03
  9.0000E+00  4.4000E+01  7.5545E+03
  9.0000E+00  4.5000E+01  7.5395E+03
  9.0000E+00  4.6000E+01  7.5252E+03
  9.0000E+00  4.7000E+01  7.5117E+03
  9.0000E+00  4.8000E+01  7.4989E+03
  9.0000E+00  4.9000E+01  7.4868E+03
  9.0000E+00  5.0000E+01  7.4753E+03
  9.0000E+00  5.1000E+01  7.3672E+03
  9.0000E+00  5.2000E+01  7.2648E+03
  9.0000E+00  5.3000E+01  7.1680E+03
  9.0000E+00  5.4000E+01  7.0763E+03
  9.0000E+00  5.5000E+01  6.9895E+03
  9.0000E+00  5.6000E+01  6.9073E+03
  9.0000E+00  5.7000E+01  6.8296E+03
  9.0000E+00  5.8000E+01  6.7560E+03
  9.0000E+00  5.9000E+01  6.6864E+03
  9.0000E+00  6.0000E+01  6.6204E+03
  9.0000E+00  6.1000E+01  6.5580E+03
  9.0000E+00  6.2000E+01  6.4990E+03
  9.0000E+00  6.3000E+01  6.3458E+03
  9.0000E+00  6.4000E+01  6.2008E+03
  9.0000E+00  6.5000E+01  6.0636E+03
  9.0000E+00  6.6000E+01  5.9337E+03
  9.0000E+00  6.7000E+01  5.8107E+03
  9.0000E+00  6.8000E+01  5.6944E+03
  9.0000E+00  6.9000E+01  5.5842E+03
  9.0000E+00  7.0000E+01  5.4800E+03
  9.0000E+00  7.1000E+01  5.3813E+03
  9.0000E+00  7.2000E+01  5.2880E+03
  9.0000E+00  7.3000E+01  5.1996E+03
  9.0000E+00  7.4000E+01  5.1159E+03
  9.0000E+00  7.5000E+01  4.9394E+03
  9.0000E+00  7.6000E+01  4.7724E+03
  9.0000E+00  7.7000E+01  4.6143E+03
  9.0000E+00  7.8000E+01  4.4647E+03
  9.0000E+00  7.9000E+01  4.3230E+03
  9.0000E+00  8.0000E+01  4.1890E+03
  9.0000E+00  8.1000E+01  4.0621E+03
  9.0000E+00  8.2000E+01  3.9420E+03
  9.0000E+00  8.3000E+01  3.8284E+03
  9.0000E+00  8.4000E+01  3.7208E+03
  9.0000E+00  8.5000E+01  3.6190E+03
  9.0000E+00  8.6000E+01  3.5226E+03
  9.0000E+00  8.7000E+01  3.3341E+03
  9.0000E+00  8.8000E+01  3.1557E+03
  9.0000E+00  8.9000E+01  2.9868E+03
  9.0000E+00  9.0000E+01  2.8270E+03
  9.0000E+00  9.1000E+01  2.6757E+03
  9.0000E+00  9.2000E+01  2.5325E+03
  9.0000E+00  9.3000E+01  2.3970E+03
  9.0000E+00  9.4000E+01  2.2687E+03
  9.0000E+00  9.5000E+01  2.1473E+03
  9.0000E+00  9.6000E+01  2.0324E+03
  9.0000E+00  9.7000E+01  1.9236E+03
  9.0000E+00  9.8000E+01  1.8207E+03
  9.0000E+00  9.9000E+01  1.7232E+03
  9.0000E+00  1.0000E+02  1.6310E+03
  9.0000E+00  1.0100E+02  1.5437E+03
  9.0000E+00  1.0200E+02  1.4611E+03
  9.0000E+00  1.0300E+02  1.3829E+03
  9.0000E+00  1.0400E+02  1.3089E+03
  9.0000E+00  1.0500E+02  1.2389E+03
  9.0000E+00  1.0600E+02  1.1726E+03
  9.0000E+00  1.0700E+02  1.1098E+03
  9.0000E+00  1.0800E+02  1.0504E+03
  9.0000E+00  1.0900E+02  9.9422E+02
  9.0000E+00  1.1000E+02  9.4102E+02
  9.0000E+00  1.1100E+02  8.9066E+02
  9.0000E+00  1.1200E+02  8.4299E+02
  9.0000E+00  1.1300E+02  7.9788E+02
  9.0000E+00  1.1400E+02  7.5518E+02
  9.0000E+00  1.1500E+02  7.1477E+02
  9.0000E+00  1.1600E+02  6.7652E+02
  9.0000E+00  1.1700E+02  6.4032E+02
  9.0000E+00  1.1800E+02  6.0605E+02
  9.0000E+00  1.1900E+02  5.7362E+02
  9.0000E+00  1.2000E+02  5.4292E+02
  9.0000E+00  1.2100E+02  5.1386E+02
  9.0000E+00  1.2200E+02  4.8637E+02
  9.0000E+00  1.2300E+02  4.6034E+02
  9.0000E+00  1.2400E+02  4.3570E+02
  9.0000E+00  1.2500E+02  4.1239E+02
  9.0000E+00  1.2600E+02  3.9032E+02
  9.0000E+00  1.2700E+02  3.6943E+02
  9.0000E+00  1.2800E+02  3.4966E+02
  9.0000E+00  1.2900E+02  3.3095E+02
  9.0000E+00  1.3000E+02  3.1324E+02
  1.0000E+01  0.0000E+00  1.5152E+04
  1.0000E+01  0.0000E+00  1.5152E+04
  1.0000E+01  1.0000E+00  1.5152E+04
  1.0000E+01  2.0000E+00  1.5152E+04
  1.0000E+01  3.0000E+00  1.5152E+04
  1.0000E+01  4.0000E+00  1.5152E+04
  1.0000E+01  5.0000E+00  1.5152E+04
  1.0000E+01  6.0000E+00  1.5152E+04
  1.0000E+01  7.0000E+00  1.5152E+04
  1.0000E+01  8.0000E+00  1.5152E+04
  1.0000E+01  9.0000E+00  1.5152E+04
  1.0000E+01  1.0000E+01  1.5152E+04
  1.0000E+01  1.1000E+01  1.5152E+04
  1.0000E+01  1.2000E+01  1.5152E+04
  1.0000E+01  1.3000E+01  1.5152E+04
  1.0000E+01  1.4000E+01  1.5152E+04
  1.0000E+01  1.5000E+01  1.5152E+04
  1.0000E+01  1.6000E+01  1.5152E+04
  1.0000E+01  1.7000E+01  1.5152E+04
  1.0000E+01  1.8000E+01  1.5152E+04
  1.0000E+01  1.9000E+01  1.5152E+04
  1.0000E+01  2.0000E+01  1.5152E+04
  1.0000E+01  2.1000E+01  1.5152E+04
  1.0000E+01  2.2000E+01  1.5152E+04
  1.0000E+01  2.3000E+01  1.5152E+04
  1.0000E+01  2.4000E+01  1.5152E+04
  1.0000E+01  2.5000E+01  1.5152E+04
  1.0000E+01  2.6000E+01  1.5152E+04
  1.0000E+01  2.7000E+01  1.5152E+04
  1.0000E+01  2.8000E+01  1.5152E+04
  1.0000E+01  2.9000E+01  1.5152E+04
  1.0000E+01  3.0000E+01  1.5152E+04
  1.0000E+01  3.1000E+01  1.5152E+04
  1.0000E+01  3.2000E+01  1.5152E+04
  1.0000E+01  3.3000E+01  1.5152E+04
  1.0000E+01  3.4000E+01  1.5152E+04
  1.0000E+01  3.5000E+01  1.5152E+04
  1.0000E+01  3.6000E+01  1.5152E+04
  1.0000E+01  3.7000E+01  1.5152E+04
  1.0000E+01  3.8000E+01  1.5152E+04
  1.0000E+01  3.9000E+01  1.5152E+04
  1.0000E+01  4.0000E+01  1.5152E+04
  1.0000E+01  4.1000E+01  1.5152E+04
  1.0000E+01  4.2000E+01  1.5152E+04
  1.0000E+01  4.3000E+01  1.5152E+04
  1.0000E+01  4.4000E+01  1.5152E+04
  1.0000E+01  4.5000E+01  1.5152E+04
  1.0000E+01  4.6000E+01  1.5152E+04
  1.0000E+01  4.7000E+01  1.5152E+04
  1.0000E+01  4.8000E+01  1.5152E+04
  1.0000E+01  4.9000E+01  1.5152E+04
  1.0000E+01  5.0000E+01  1.5152E+04
  1.0000E+01  5.1000E+01  1.5152E+04
  1.0000E+01  5.2000E+01  1.5152E+04
  1.0000E+01  5.3000E+01  1.5152E+04
  1.0000E+01  5.4000E+01  1.5152E+04
  1.0000E+01  5.5000E+01  1.5152E+04
  1.0000E+01  5.6000E+01  1.5152E+04
  1.0000E+01  5.7000E+01  1.5152E+04
  1.0000E+01  5.8000E+01  1.5152E+04
  1.0000E+01  5.9000E+01  1.5152E+04
  1.0000E+01  6.0000E+01  1.5152E+04
  1.0000E+01  6.1000E+01  1.5152E+04
  1.0000E+01  6.2000E+01  1.5152E+04
  1.0000E+01  6.3000E+01  1.5152E+04
  1.0000E+01  6.4000E+01  1.5152E+04
  1.0000E+01  6.5000E+01  1.5152E+04
  1.0000E+01  6.6000E+01  1.5152E+04
  1.0000E+01  6.7000E+01  1.5152E+04
  1.0000E+01  6.8000E+01  1.5152E+04
  1.0000E+01  6.9000E+01  1.5152E+04
  1.0000E+01  7.0000E+01  1.5152E+04
  1.0000E+01  7.1000E+01  1.5152E+04
  1.0000E+01  7.2000E+01  1.5152E+04
  1.0000E+01  7.3000E+01  1.5152E+04
  1.0000E+01  7.4000E+01  1.5152E+04
  1.0000E+01  7.5000E+01  1.5152E+04
  1.0000E+01  7.6000E+01  1.5152E+04
  1.0000E+01  7.7000E+01  1.5152E+04
  1.0000E+01  7.8000E+01  1.5152E+04
  1.0000E+01  7.9000E+01  1.4746E+04
  1.0000E+01  8.0000E+01  1.4362E+04
  1.0000E+01  8.1000E+01  1.3999E+04
  1.0000E+01  8.2000E+01  1.3655E+04
  1.0000E+01  8.3000E+01  1.3330E+04
  1.0000E+01  8.4000E+01  1.3022E+04
  1.0000E+01  8.5000E+01  1.2325E+04
  1.0000E+01  8.6000E+01  1.1666E+04
  1.0000E+01  8.7000E+01  1.1041E+04
  1.0000E+01  8.8000E+01  1.0451E+04
  1.0000E+01  8.9000E+01  9.8913E+03
  1.0000E+01  9.0000E+01  9.3619E+03
  1.0000E+01  9.1000E+01  8.8609E+03
  1.0000E+01  9.2000E+01  8.3868E+03
  1.0000E+01  9.3000E+01  7.9379E+03
  1.0000E+01  9.4000E+01  7.5131E+03
  1.0000E+01  9.5000E+01  7.1111E+03
  1.0000E+01  9.6000E+01  6.7305E+03
  1.0000E+01  9.7000E+01  6.3703E+03
  1.0000E+01  9.8000E+01  6.0294E+03
  1.0000E+01  9.9000E+01  5.7068E+03
  1.0000E+01  1.0000E+02  5.4014E+03
  1.0000E+01  1.0100E+02  5.1123E+03
  1.0000E+01  1.0200E+02  4.8387E+03
  1.0000E+01  1.0300E+02  4.5798E+03
  1.0000E+01  1.0400E+02  4.3347E+03
  1.0000E+01  1.0500E+02  4.1027E+03
  1.0000E+01  1.0600E+02  3.8832E+03
  1.0000E+01  1.0700E+02  3.6754E+03
  1.0000E+01  1.0800E+02  3.4787E+03
  1.0000E+01  1.0900E+02  3.2925E+03
  1.0000E+01  1.1000E+02  3.1163E+03
  1.0000E+01  1.1100E+02  2.9496E+03
  1.0000E+01  1.1200E+02  2.7917E+03
  1.0000E+01  1.1300E+02  2.6423E+03
  1.0000E+01  1.1400E+02  2.5009E+03
  1.0000E+01  1.1500E+02  2.3671E+03
  1.0000E+01  1.1600E+02  2.2404E+03
  1.0000E+01  1.1700E+02  2.1205E+03
  1.0000E+01  1.1800E+02  2.0070E+03
  1.0000E+01  1.1900E+02  1.8996E+03
  1.0000E+01  1.2000E+02  1.7980E+03
  1.0000E+01  1.2100E+02  1.7017E+03
  1.0000E+01  1.2200E+02  1.6107E+03
  1.0000E+01  1.2300E+02  1.5245E+03
  1.0000E+01  1.2400E+02  1.4429E+03
  1.0000E+01  1.2500E+02  1.3657E+03
  1.0000E+01  1.2600E+02  1.2926E+03
  1.0000E+01  1.2700E+02  1.2234E+03
  1.0000E+01  1.2800E+02  1.1580E+03
  1.0000E+01  1.2900E+02  1.0960E+03
  1.0000E+01  1.3000E+02  1.0373E+03
  1.1000E+01  0.0000E+00  3.7455E+03
  1.1000E+01  0.0000E+00  3.7455E+03
  1.1000E+01  1.0000E+00  3.7455E+03
  1.1000E+01  2.0000E+00  3.7455E+03
  1.1000E+01  3.0000E+00  3.7455E+03
  1.1000E+01  4.0000E+00  3.7455E+03
  1.1000E+01  5.0000E+00  3.7455E+03
  1.1000E+01  6.0000E+00  3.7455E+03
  1.1000E+01  7.0000E+00  3.7455E+03
  1.1000E+01  8.0000E+00  3.7455E+03
  1.1000E+01  9.0000E+00  3.7455E+03
  1.1000E+01  1.0000E+01  3.7455E+03
  1.1000E+01  1.1000E+01  3.7455E+03
  1.1000E+01  1.2000E+01  3.7455E+03
  1.1000E+01  1.3000E+01  3.7455E+03
  1.1000E+01  1.4000E+01  3.7455E+03
  1.1000E+01  1.5000E+01  3.7455E+03
  1.1000E+01  1.6000E+01  3.7455E+03
  1.1000E+01  1.7000E+01  3.7455E+03
  1.1000E+01  1.8000E+01  3.7455E+03
  1.1000E+01  1.9000E+01  3.7455E+03
  1.1000E+01  2.0000E+01  3.7455E+03
  1.1000E+01  2.1000E+01  3.7455E+03
  1.1000E+01  2.2000E+01  3.7455E+03
  1.1000E+01  2.3000E+01  3.7455E+03
  1.1000E+01  2.4000E+01  3.7455E+03
  1.1000E+01  2.5000E+01  3.7455E+03
  1.1000E+01  2.6000E+01  3.7455E+03
  1.1000E+01  2.7000E+01  3.7455E+03
  1.1000E+01  2.8000E+01  3.7455E+03
  1.1000E+01  2.9000E+01  3.7455E+03
  1.1000E+01  3.0000E+01  3.7455E+03
  1.1000E+01  3.1000E+01  3.7455E+03
  1.1000E+01  3.2000E+01  3.7455E+03
  1.1000E+01  3.3000E+01  3.7455E+03
  1.1000E+01  3.4000E+01  3.7455E+03
  1.1000E+01  3.5000E+01  3.7455E+03
  1.1000E+01  3.6000E+01  3.7455E+03
  1.1000E+01  3.7000E+01  3.7455E+03
  1.1000E+01  3.8000E+01  3.7455E+03
  1.1000E+01  3.9000E+01  3.7455E+03
  1.1000E+01  4.0000E+01  3.7455E+03
  1.1000E+01  4.1000E+01  3.7455E+03
  1.1000E+01  4.2000E+01  3.7455E+03
  1.1000E+01  4.3000E+01  3.7455E+03
  1.1000E+01  4.4000E+01  3.7455E+03
  1.1000E+01  4.5000E+01  3.7455E+03
  1.1000E+01  4.6000E+01  3.7455E+03
  1.1000E+01  4.7000E+01  3.7455E+03
  1.1000E+01  4.8000E+01  3.7455E+03
  1.1000E+01  4.9000E+01  3.7455E+03
  1.1000E+01  5.0000E+01  3.7455E+03
  1.1000E+01  5.1000E+01  3.7455E+03
  1.1000E+01  5.2000E+01  3.7455E+03
  1.1000E+01  5.3000E+01  3.7455E+03
  1.1000E+01  5.4000E+01  3.7455E+03
  1.1000E+01  5.5000E+01  3.7455E+03
  1.1000E+01  5.6000E+01  3.7455E+03
  1.1000E+01  5.7000E+01  3.7455E+03
  1.1000E+01  5.8000E+01  3.7455E+03
  1.1000E+01  5.9000E+01  3.7455E+03
  1.1000E+01  6.0000E+01  3.7455E+03
  1.1000E+01  6.1000E+01  3.7455E+03
  1.1000E+01  6.2000E+01  3.7455E+03
  1.1000E+01  6.3000E+01  3.7455E+03
  1.1000E+01  6.4000E+01  3.7455E+03
  1.1000E+01  6.5000E+01  3.7455E+03
  1.1000E+01  6.6000E+01  3.7455E+03
  1.1000E+01  6.7000E+01  3.7455E+03
  1.1000E+01  6.8000E+01  3.7455E+03
  1.1000E+01  6.9000E+01  3.7455E+03
  1.1000E+01  7.0000E+01  3.7455E+03
  1.1000E+01  7.1000E+01  3.7455E+03
  1.1000E+01  7.2000E+01  3.7455E+03
  1.1000E+01  7.3000E+01  3.7455E+03
  1.1000E+01  7.4000E+01  3.7455E+03
  1.1000E+01  7.5000E+01  3.7455E+03
  1.1000E+01  7.6000E+01  3.7455E+03
  1.1000E+01  7.7000E+01  3.7455E+03
  1.1000E+01  7.8000E+01  3.7455E+03
  1.1000E+01  7.9000E+01  3.7455E+03
  1.1000E+01  8.0000E+01  3.7455E+03
  1.1000E+01  8.1000E+01  3.7455E+03
  1.1000E+01  8.2000E+01  3.7455E+03
  1.1000E+01  8.3000E+01  3.7455E+03
  1.1000E+01  8.4000E+01  3.7455E+03
  1.1000E+01  8.5000E+01  3.7455E+03
  1.1000E+01  8.6000E+01  3.7455E+03
  1.1000E+01  8.7000E+01  3.7455E+03
  1.1000E+01  8.8000E+01  3.7455E+03
  1.1000E+01  8.9000E+01  3.7455E+03
  1.1000E+01  9.0000E+01  3.7455E+03
  1.1000E+01  9.1000E+01  3.5450E+03
  1.1000E+01  9.2000E+01  3.3553E+03
  1.1000E+01  9.3000E+01  3.1757E+03
  1.1000E+01  9.4000E+01  3.0058E+03
  1.1000E+01  9.5000E+01  2.8449E+03
  1.1000E+01  9.6000E+01  2.6927E+03
  1.1000E+01  9.7000E+01  2.5486E+03
  1.1000E+01  9.8000E+01  2.4122E+03
  1.1000E+01  9.9000E+01  2.2831E+03
  1.1000E+01  1.0000E+02  2.1609E+03
  1.1000E+01  1.0100E+02  2.0453E+03
  1.1000E+01  1.0200E+02  1.9358E+03
  1.1000E+01  1.0300E+02  1.8322E+03
  1.1000E+01  1.0400E+02  1.7342E+03
  1.1000E+01  1.0500E+02  1.6414E+03
  1.1000E+01  1.0600E+02  1.5536E+03
  1.1000E+01  1.0700E+02  1.4704E+03
  1.1000E+01  1.0800E+02  1.3917E+03
  1.1000E+01  1.0900E+02  1.3172E+03
  1.1000E+01  1.1000E+02  1.2468E+03
  1.1000E+01  1.1100E+02  1.1800E+03
  1.1000E+01  1.1200E+02  1.1169E+03
  1.1000E+01  1.1300E+02  1.0571E+03
  1.1000E+01  1.1400E+02  1.0005E+03
  1.1000E+01  1.1500E+02  9.4700E+02
  1.1000E+01  1.1600E+02  8.9632E+02
  1.1000E+01  1.1700E+02  8.4835E+02
  1.1000E+01  1.1800E+02  8.0295E+02
  1.1000E+01  1.1900E+02  7.5998E+02
  1.1000E+01  1.2000E+02  7.1931E+02
  1.1000E+01  1.2100E+02  6.8082E+02
  1.1000E+01  1.2200E+02  6.4439E+02
  1.1000E+01  1.2300E+02  6.0990E+02
  1.1000E+01  1.2400E+02  5.7726E+02
  1.1000E+01  1.2500E+02  5.4637E+02
  1.1000E+01  1.2600E+02  5.1713E+02
  1.1000E+01  1.2700E+02  4.8946E+02
  1.1000E+01  1.2800E+02  4.6326E+02
  1.1000E+01  1.2900E+02  4.3847E+02
  1.1000E+01  1.3000E+02  4.1501E+02
  1.2000E+01  0.0000E+00  9.0909E+03
  1.2000E+01  0.0000E+00  9.0909E+03
  1.2000E+01  1.0000E+00  9.0909E+03
  1.2000E+01  2.0000E+00  9.0909E+03
  1.2000E+01  3.0000E+00  9.0909E+03
  1.2000E+01  4.0000E+00  9.0909E+03
  1.2000E+01  5.0000E+00  9.0909E+03
  1.2000E+01  6.0000E+00  9.0909E+03
  1.2000E+01  7.0000E+00  9.0909E+03
  1.2000E+01  8.0000E+00  9.0909E+03
  1.2000E+01  9.0000E+00  9.0909E+03
  1.2000E+01  1.0000E+01  9.0909E+03
  1.2000E+01  1.1000E+01  9.0909E+03
  1.2000E+01  1.2000E+01  9.0909E+03
  1.2000E+01  1.3000E+01  9.0909E+03
  1.2000E+01  1.4000E+01  9.0909E+03
  1.2000E+01  1.5000E+01  9.0909E+03
  1.2000E+01  1.6000E+01  9.0909E+03
  1.2000E+01  1.7000E+01  9.0909E+03
  1.2000E+01  1.8000E+01  9.0909E+03
  1.2000E+01  1.9000E+01  9.0909E+03
  1.2000E+01  2.0000E+01  9.0909E+03
  1.2000E+01  2.1000E+01  9.0909E+03
  1.2000E+01  2.2000E+01  9.0909E+03
  1.2000E+01  2.3000E+01  9.0909E+03
  1.2000E+01  2.4000E+01  9.0909E+03
  1.2000E+01  2.5000E+01  9.0909E+03
  1.2000E+01  2.6000E+01  9.0909E+03
  1.2000E+01  2.7000E+01  9.0909E+03
  1.2000E+01  2.8000E+01  9.0909E+03
  1.2000E+01  2.9000E+01  9.0909E+03
  1.2000E+01  3.0000E+01  9.0909E+03
  1.2000E+01  3.1000E+01  9.0909E+03
  1.2000E+01  3.2000E+01  9.0909E+03
  1.2000E+01  3.3000E+01  9.0909E+03
  1.2000E+01  3.4000E+01  9.0909E+03
  1.2000E+01  3.5000E+01  9.0909E+03
  1.2000E+01  3.6000E+01  9.0909E+03
  1.2000E+01  3.7000E+01  9.0909E+03
  1.2000E+01  3.8000E+01  9.0909E+03
  1.2000E+01  3.9000E+01  9.0909E+03
  1.2000E+01  4.0000E+01  9.0909E+03
  1.2000E+01  4.1000E+01  9.0909E+03
  1.2000E+01  4.2000E+01  9.0909E+03
  1.2000E+01  4.3000E+01  9.0909E+03
  1.2000E+01  4.4000E+01  9.0909E+03
  1.2000E+01  4.5000E+01  9.0909E+03
  1.2000E+01  4.6000E+01  9.0909E+03
  1.2000E+01  4.7000E+01  9.0909E+03
  1.2000E+01  4.8000E+01  9.0909E+03
  1.2000E+01  4.9000E+01  9.0909E+03
  1.2000E+01  5.0000E+01  9.0909E+03
  1.2000E+01  5.1000E+01  9.0909E+03
  1.2000E+01  5.2000E+01  9.0909E+03
  1.2000E+01  5.3000E+01  9.0909E+03
  1.2000E+01  5.4000E+01  9.0909E+03
  1.2000E+01  5.5000E+01  9.0909E+03
  1.2000E+01  5.6000E+01  9.0909E+03
  1.2000E+01  5.7000E+01  9.0909E+03
  1.2000E+01  5.8000E+01  9.0909E+03
  1.2000E+01  5.9000E+01  9.0909E+03
  1.2000E+01  6.0000E+01  9.0909E+03
  1.2000E+01  6.1000E+01  9.0909E+03
  1.2000E+01  6.2000E+01  9.0909E+03
  1.2000E+01  6.3000E+01  9.0909E+03
  1.2000E+01  6.4000E+01  9.0909E+03
  1.2000E+01  6.5000E+01  9.0909E+03
  1.2000E+01  6.6000E+01  9.0909E+03
  1.2000E+01  6.7000E+01  9.0909E+03
  1.2000E+01  6.8000E+01  9.0909E+03
  1.2000E+01  6.9000E+01  9.0909E+03
  1.2000E+01  7.0000E+01  9.0909E+03
  1.2000E+01  7.1000E+01  9.0909E+03
  1.2000E+01  7.2000E+01  9.0909E+03
  1.2000E+01  7.3000E+01  9.0909E+03
  1.2000E+01  7.4000E+01  9.0909E+03
  1.2000E+01  7.5000E+01  9.0909E+03
  1.2000E+01  7.6000E+01  9.0909E+03
  1.2000E+01  7.7000E+01  9.0909E+03
  1.2000E+01  7.8000E+01  9.0909E+03
  1.2000E+01  7.9000E+01  9.0909E+03
  1.2000E+01  8.0000E+01  9.0909E+03
  1.2000E+01  8.1000E+01  9.0909E+03
  1.2000E+01  8.2000E+01  9.0909E+03
  1.2000E+01  8.3000E+01  9.0909E+03
  1.2000E+01  8.4000E+01  9.0909E+03
  1.2000E+01  8.5000E+01  9.0909E+03
  1.2000E+01  8.6000E+01  9.0909E+03
  1.2000E+01  8.7000E+01  9.0909E+03
  1.2000E+01  8.8000E+01  9.0909E+03
  1.2000E+01  8.9000E+01  9.0909E+03
  1.2000E+01  9.0000E+01  9.0909E+03
  1.2000E+01  9.1000E+01  8.6044E+03
  1.2000E+01  9.2000E+01  8.1439E+03
  1.2000E+01  9.3000E+01  7.7081E+03
  1.2000E+01  9.4000E+01  7.2956E+03
  1.2000E+01  9.5000E+01  6.9052E+03
  1.2000E+01  9.6000E+01  6.5357E+03
  1.2000E+01  9.7000E+01  6.1859E+03
  1.2000E+01  9.8000E+01  5.8549E+03
  1.2000E+01  9.9000E+01  5.5416E+03
  1.2000E+01  1.0000E+02  5.2450E+03
  1.2000E+01  1.0100E+02  4.9643E+03
  1.2000E+01  1.0200E+02  4.6986E+03
  1.2000E+01  1.0300E+02  4.4472E+03
  1.2000E+01  1.0400E+02  4.2092E+03
  1.2000E+01  1.0500E+02  3.9840E+03
  1.2000E+01  1.0600E+02  3.7708E+03
  1.2000E+01  1.0700E+02  3.5690E+03
  1.2000E+01  1.0800E+02  3.3780E+03
  1.2000E+01  1.0900E+02  3.1972E+03
  1.2000E+01  1.1000E+02  3.0261E+03
  1.2000E+01  1.1100E+02  2.8642E+03
  1.2000E+01  1.1200E+02  2.7109E+03
  1.2000E+01  1.1300E+02  2.5658E+03
  1.2000E+01  1.1400E+02  2.4285E+03
  1.2000E+01  1.1500E+02  2.2985E+03
  1.2000E+01  1.1600E+02  2.1755E+03
  1.2000E+01  1.1700E+02  2.0591E+03
  1.2000E+01  1.1800E+02  1.9489E+03
  1.2000E+01  1.1900E+02  1.8446E+03
  1.2000E+01  1.2000E+02  1.7459E+03
  1.2000E+01  1.2100E+02  1.6525E+03
  1.2000E+01  1.2200E+02  1.5640E+03
  1.2000E+01  1.2300E+02  1.4803E+03
  1.2000E+01  1.2400E+02  1.4011E+03
  1.2000E+01  1.2500E+02  1.3261E+03
  1.2000E+01  1.2600E+02  1.2552E+03
  1.2000E+01  1.2700E+02  1.1880E+03
  1.2000E+01  1.2800E+02  1.1244E+03
  1.2000E+01  1.2900E+02  1.0643E+03
  1.2000E+01  1.3000E+02  1.0073E+03
  1.3000E+01  0.0000E+00  9.3566E+02
  1.3000E+01  0.0000E+00  9.3566E+02
  1.3000E+01  1.0000E+00  8.8559E+02
  1.3000E+01  2.0000E+00  8.3820E+02
  1.3000E+01  3.0000E+00  7.9334E+02
  1.3000E+01  4.0000E+00  2.8109E+03
  1.3000E+01  5.0000E+00  2.6605E+03
  1.3000E+01  6.0000E+00  2.5181E+03
  1.3000E+01  7.0000E+00  2.3833E+03
  1.3000E+01  8.0000E+00  2.2558E+03
  1.3000E+01  9.0000E+00  2.1351E+03
  1.3000E+01  1.0000E+01  2.0208E+03
  1.3000E+01  1.1000E+01  1.9127E+03
  1.3000E+01  1.2000E+01  1.8103E+03
  1.3000E+01  1.3000E+01  1.7134E+03
  1.3000E+01  1.4000E+01  1.6217E+03
  1.3000E+01  1.5000E+01  1.5350E+03
  1.3000E+01  1.6000E+01  1.4528E+03
  1.3000E+01  1.7000E+01  1.3751E+03
  1.3000E+01  1.8000E+01  1.3015E+03
  1.3000E+01  1.9000E+01  1.2318E+03
  1.3000E+01  2.0000E+01  1.1659E+03
  1.3000E+01  2.1000E+01  1.1035E+03
  1.3000E+01  2.2000E+01  1.0445E+03
  1.3000E+01  2.3000E+01  9.8857E+02
  1.3000E+01  2.4000E+01  9.3566E+02
  1.3000E+01  2.5000E+01  8.8559E+02
  1.3000E+01  2.6000E+01  8.3820E+02
  1.3000E+01  2.7000E+01  7.9334E+02
  1.3000E+01  2.8000E+01  2.8109E+03
  1.3000E+01  2.9000E+01  2.6605E+03
  1.3000E+01  3.0000E+01  2.5181E+03
  1.3000E+01  3.1000E+01  2.3833E+03
  1.3000E+01  3.2000E+01  2.2558E+03
  1.3000E+01  3.3000E+01  2.1351E+03
  1.3000E+01  3.4000E+01  2.0208E+03
  1.3000E+01  3.5000E+01  1.9127E+03
  1.3000E+01  3.6000E+01  1.8103E+03
  1.3000E+01  3.7000E+01  1.7134E+03
  1.3000E+01  3.8000E+01  1.6217E+03
  1.3000E+01  3.9000E+01  1.5350E+03
  1.3000E+01  4.0000E+01  1.4528E+03
  1.3000E+01  4.1000E+01  1.3751E+03
  1.3000E+01  4.2000E+01  1.3015E+03
  1.3000E+01  4.3000E+01  1.2318E+03
  1.3000E+01  4.4000E+01  1.1659E+03
  1.3000E+01  4.5000E+01  1.1035E+03
  1.3000E+01  4.6000E+01  1.0445E+03
  1.3000E+01  4.7000E+01  9.8857E+02
  1.3000E+01  4.8000E+01  9.3566E+02
  1.3000E+01  4.9000E+01  8.8559E+02
  1.3000E+01  5.0000E+01  8.3820E+02
  1.3000E+01  5.1000E+01  7.9334E+02
  1.3000E+01  5.2000E+01  2.8109E+03
  1.3000E+01  5.3000E+01  2.6605E+03
  1.3000E+01  5.4000E+01  2.5181E+03
  1.3000E+01  5.5000E+01  2.3833E+03
  1.3000E+01  5.6000E+01  2.2558E+03
  1.3000E+01  5.7000E+01  2.1351E+03
  1.3000E+01  5.8000E+01  2.0208E+03
  1.3000E+01  5.9000E+01  1.9127E+03
  1.3000E+01  6.0000E+01  1.8103E+03
  1.3000E+01  6.1000E+01  1.7134E+03
  1.3000E+01  6.2000E+01  1.6217E+03
  1.3000E+01  6.3000E+01  1.5350E+03
  1.3000E+01  6.4000E+01  1.4528E+03
  1.3000E+01  6.5000E+01  1.3751E+03
  1.3000E+01  6.6000E+01  1.3015E+03
  1.3000E+01  6.7000E+01  1.2318E+03
  1.3000E+01  6.8000E+01  1.1659E+03
  1.3000E+01  6.9000E+01  1.1035E+03
  1.3000E+01  7.0000E+01  1.0445E+03
  1.3000E+01  7.1000E+01  9.8857E+02
  1.3000E+01  7.2000E+01  9.3566E+02
  1.3000E+01  7.3000E+01  8.8559E+02
  1.3000E+01  7.4000E+01  8.3820E+02
  1.3000E+01  7.5000E+01  7.9334E+02
  1.3000E+01  7.6000E+01  2.8109E+03
  1.3000E+01  7.7000E+01  2.6605E+03
  1.3000E+01  7.8000E+01  2.5181E+03
  1.3000E+01  7.9000E+01  2.3833E+03
  1.3000E+01  8.0000E+01  2.2558E+03
  1.3000E+01  8.1000E+01  2.1351E+03
  1.3000E+01  8.2000E+01  2.0208E+03
  1.3000E+01  8.3000E+01  1.9127E+03
  1.3000E+01  8.4000E+01  1.8103E+03
  1.3000E+01  8.5000E+01  1.7134E+03
  1.3000E+01  8.6000E+01  1.6217E+03
  1.3000E+01  8.7000E+01  1.5350E+03
  1.3000E+01  8.8000E+01  1.4528E+03
  1.3000E+01  8.9000E+01  1.3751E+03
  1.3000E+01  9.0000E+01  1.3015E+03
  1.3000E+01  9.1000E+01  1.2318E+03
  1.3000E+01  9.2000E+01  1.1659E+03
  1.3000E+01  9.3000E+01  1.1035E+03
  1.3000E+01  9.4000E+01  1.0445E+03
  1.3000E+01  9.5000E+01  9.8857E+02
  1.3000E+01  9.6000E+01  9.3566E+02
  1.3000E+01  9.7000E+01  8.8559E+02
  1.3000E+01  9.8000E+01  8.3820E+02
  1.3000E+01  9.9000E+01  7.9334E+02
  1.3000E+01  1.0000E+02  7.5089E+02
  1.3000E+01  1.0100E+02  7.1070E+02
  1.3000E+01  1.0200E+02  6.7267E+02
  1.3000E+01  1.0300E+02  6.3667E+02
  1.3000E+01  1.0400E+02  6.0260E+02
  1.3000E+01  1.0500E+02  5.7035E+02
  1.3000E+01  1.0600E+02  5.3983E+02
  1.3000E+01  1.0700E+02  5.1094E+02
  1.3000E+01  1.0800E+02  4.8360E+02
  1.3000E+01  1.0900E+02  4.5772E+02
  1.3000E+01  1.1000E+02  4.3322E+02
  1.3000E+01  1.1100E+02  4.1004E+02
  1.3000E+01  1.1200E+02  3.8810E+02
  1.3000E+01  1.1300E+02  3.6733E+02
  1.3000E+01  1.1400E+02  3.4767E+02
  1.3000E+01  1.1500E+02  3.2907E+02
  1.3000E+01  1.1600E+02  3.1146E+02
  1.3000E+01  1.1700E+02  2.9479E+02
  1.3000E+01  1.1800E+02  2.7901E+02
  1.3000E+01  1.1900E+02  2.6408E+02
  1.3000E+01  1.2000E+02  2.4995E+02
  1.3000E+01  1.2100E+02  2.3657E+02
  1.3000E+01  1.2200E+02  2.2391E+02
  1.3000E+01  1.2300E+02  2.1193E+02
  1.3000E+01  1.2400E+02  2.0059E+02
  1.3000E+01  1.2500E+02  1.8985E+02
  1.3000E+01  1.2600E+02  1.7969E+02
  1.3000E+01  1.2700E+02  1.7008E+02
  1.3000E+01  1.2800E+02  1.6098E+02
  1.3000E+01  1.2900E+02  1.5236E+02
  1.3000E+01  1.3000E+02  1.4421E+02
  1.4000E+01  0.0000E+00  0.0000E+00
  1.4000E+01  0.0000E+00  0.0000E+00
  1.4000E+01  1.0000E+00  0.0000E+00
  1.4000E+01  2.0000E+00  0.0000E+00
  1.4000E+01  3.0000E+00  0.0000E+00
  1.4000E+01  4.0000E+00  0.0000E+00
  1.4000E+01  5.0000E+00  2.0600E+03
  1.4000E+01  6.0000E+00  1.9498E+03
  1.4000E+01  7.0000E+00  1.8454E+03
  1.4000E+01  8.0000E+00  1.7467E+03
  1.4000E+01  9.0000E+00  1.6532E+03
  1.4000E+01  1.0000E+01  1.5647E+03
  1.4000E+01  1.1000E+01  1.4810E+03
  1.4000E+01  1.2000E+01  1.4017E+03
  1.4000E+01  1.3000E+01  1.3267E+03
  1.4000E+01  1.4000E+01  1.2557E+03
  1.4000E+01  1.5000E+01  1.1885E+03
  1.4000E+01  1.6000E+01  1.1249E+03
  1.4000E+01  1.7000E+01  1.0647E+03
  1.4000E+01  1.8000E+01  1.0077E+03
  1.4000E+01  1.9000E+01  9.5381E+02
  1.4000E+01  2.0000E+01  9.0276E+02
  1.4000E+01  2.1000E+01  8.5445E+02
  1.4000E+01  2.2000E+01  8.0873E+02
  1.4000E+01  2.3000E+01  7.6545E+02
  1.4000E+01  2.4000E+01  7.2449E+02
  1.4000E+01  2.5000E+01  6.8571E+02
  1.4000E+01  2.6000E+01  6.4902E+02
  1.4000E+01  2.7000E+01  6.1429E+02
  1.4000E+01  2.8000E+01  5.8141E+02
  1.4000E+01  2.9000E+01  2.6103E+03
  1.4000E+01  3.0000E+01  2.4706E+03
  1.4000E+01  3.1000E+01  2.3384E+03
  1.4000E+01  3.2000E+01  2.2133E+03
  1.4000E+01  3.3000E+01  2.0948E+03
  1.4000E+01  3.4000E+01  1.9827E+03
  1.4000E+01  3.5000E+01  1.8766E+03
  1.4000E+01  3.6000E+01  1.7762E+03
  1.4000E+01  3.7000E+01  1.6811E+03
  1.4000E+01  3.8000E+01  1.5912E+03
  1.4000E+01  3.9000E+01  1.5060E+03
  1.4000E+01  4.0000E+01  1.4254E+03
  1.4000E+01  4.1000E+01  1.3491E+03
  1.4000E+01  4.2000E+01  1.2769E+03
  1.4000E+01  4.3000E+01  1.2086E+03
  1.4000E+01  4.4000E+01  1.1439E+03
  1.4000E+01  4.5000E+01  1.0827E+03
  1.4000E+01  4.6000E+01  1.0248E+03
  1.4000E+01  4.7000E+01  9.6993E+02
  1.4000E+01  4.8000E+01  9.1802E+02
  1.4000E+01  4.9000E+01  8.6889E+02
  1.4000E+01  5.0000E+01  8.2239E+02
  1.4000E+01  5.1000E+01  7.7838E+02
  1.4000E+01  5.2000E+01  7.3673E+02
  1.4000E+01  5.3000E+01  2.7573E+03
  1.4000E+01  5.4000E+01  2.6097E+03
  1.4000E+01  5.5000E+01  2.4701E+03
  1.4000E+01  5.6000E+01  2.3379E+03
  1.4000E+01  5.7000E+01  2.2128E+03
  1.4000E+01  5.8000E+01  2.0944E+03
  1.4000E+01  5.9000E+01  1.9823E+03
  1.4000E+01  6.0000E+01  1.8762E+03
  1.4000E+01  6.1000E+01  1.7758E+03
  1.4000E+01  6.2000E+01  1.6808E+03
  1.4000E+01  6.3000E+01  1.5908E+03
  1.4000E+01  6.4000E+01  1.5057E+03
  1.4000E+01  6.5000E+01  1.4251E+03
  1.4000E+01  6.6000E+01  1.3489E+03
  1.4000E+01  6.7000E+01  1.2767E+03
  1.4000E+01  6.8000E+01  1.2083E+03
  1.4000E+01  6.9000E+01  1.1437E+03
  1.4000E+01  7.0000E+01  1.0825E+03
  1.4000E+01  7.1000E+01  1.0245E+03
  1.4000E+01  7.2000E+01  9.6972E+02
  1.4000E+01  7.3000E+01  9.1783E+02
  1.4000E+01  7.4000E+01  8.6871E+02
  1.4000E+01  7.5000E+01  8.2222E+02
  1.4000E+01  7.6000E+01  7.7822E+02
  1.4000E+01  7.7000E+01  2.7966E+03
  1.4000E+01  7.8000E+01  2.6469E+03
  1.4000E+01  7.9000E+01  2.5053E+03
  1.4000E+01  8.0000E+01  2.3712E+03
  1.4000E+01  8.1000E+01  2.2443E+03
  1.4000E+01  8.2000E+01  2.1242E+03
  1.4000E+01  8.3000E+01  2.0105E+03
  1.4000E+01  8.4000E+01  1.9029E+03
  1.4000E+01  8.5000E+01  1.8011E+03
  1.4000E+01  8.6000E+01  1.7047E+03
  1.4000E+01  8.7000E+01  1.6135E+03
  1.4000E+01  8.8000E+01  1.5271E+03
  1.4000E+01  8.9000E+01  1.4454E+03
  1.4000E+01  9.0000E+01  1.3681E+03
  1.4000E+01  9.1000E+01  1.2948E+03
  1.4000E+01  9.2000E+01  1.2256E+03
  1.4000E+01  9.3000E+01  1.1600E+03
  1.4000E+01  9.4000E+01  1.0979E+03
  1.4000E+01  9.5000E+01  1.0391E+03
  1.4000E+01  9.6000E+01  9.8353E+02
  1.4000E+01  9.7000E+01  9.3090E+02
  1.4000E+01  9.8000E+01  8.8108E+02
  1.4000E+01  9.9000E+01  8.3393E+02
  1.4000E+01  1.0000E+02  7.8930E+02
  1.4000E+01  1.0100E+02  7.4706E+02
  1.4000E+01  1.0200E+02  7.0708E+02
  1.4000E+01  1.0300E+02  6.6924E+02
  1.4000E+01  1.0400E+02  6.3343E+02
  1.4000E+01  1.0500E+02  5.9953E+02
  1.4000E+01  1.0600E+02  5.6745E+02
  1.4000E+01  1.0700E+02  5.3708E+02
  1.4000E+01  1.0800E+02  5.0834E+02
  1.4000E+01  1.0900E+02  4.8114E+02
  1.4000E+01  1.1000E+02  4.5539E+02
  1.4000E+01  1.1100E+02  4.3102E+02
  1.4000E+01  1.1200E+02  4.0795E+02
  1.4000E+01  1.1300E+02  3.8612E+02
  1.4000E+01  1.1400E+02  3.6546E+02
  1.4000E+01  1.1500E+02  3.4590E+02
  1.4000E+01  1.1600E+02  3.2739E+02
  1.4000E+01  1.1700E+02  3.0987E+02
  1.4000E+01  1.1800E+02  2.9329E+02
  1.4000E+01  1.1900E+02  2.7759E+02
  1.4000E+01  1.2000E+02  2.6274E+02
  1.4000E+01  1.2100E+02  2.4868E+02
  1.4000E+01  1.2200E+02  2.3537E+02
  1.4000E+01  1.2300E+02  2.2277E+02
  1.4000E+01  1.2400E+02  2.1085E+02
  1.4000E+01  1.2500E+02  1.9957E+02
  1.4000E+01  1.2600E+02  1.8889E+02
  1.4000E+01  1.2700E+02  1.7878E+02
  1.4000E+01  1.2800E+02  1.6921E+02
  1.4000E+01  1.2900E+02  1.6016E+02
  1.4000E+01  1.3000E+02  1.5159E+02
  1.5000E+01  0.0000E+00  0.0000E+00
  1.5000E+01  0.0000E+00  0.0000E+00
  1.5000E+01  1.0000E+00  5.0000E+03
  1.5000E+01  2.0000E+00  4.7324E+03
  1.5000E+01  3.0000E+00  4.4792E+03
  1.5000E+01  4.0000E+00  4.2395E+03
  1.5000E+01  5.0000E+00  4.0126E+03
  1.5000E+01  6.0000E+00  3.7979E+03
  1.5000E+01  7.0000E+00  3.5946E+03
  1.5000E+01  8.0000E+00  3.4023E+03
  1.5000E+01  9.0000E+00  3.2202E+03
  1.5000E+01  1.0000E+01  3.0479E+03
  1.5000E+01  1.1000E+01  2.8847E+03
  1.5000E+01  1.2000E+01  2.7304E+03
  1.5000E+01  1.3000E+01  2.5843E+03
  1.5000E+01  1.3000E+01  2.5843E+03
  1.5000E+01  1.4000E+01  3.0128E+03
  1.5000E+01  1.5000E+01  3.8852E+03
  1.5000E+01  1.6000E+01  4.3219E+03
  1.5000E+01  1.7000E+01  4.2358E+03
  1.5000E+01  1.8000E+01  4.0415E+03
  1.5000E+01  1.9000E+01  3.8325E+03
  1.5000E+01  2.0000E+01  3.6290E+03
  1.5000E+01  2.1000E+01  3.4351E+03
  1.5000E+01  2.2000E+01  3.2514E+03
  1.5000E+01  2.3000E+01  3.0774E+03
  1.5000E+01  2.4000E+01  2.9127E+03
  1.5000E+01  2.5000E+01  2.7569E+03
  1.5000E+01  2.6000E+01  2.6093E+03
  1.5000E+01  2.7000E+01  2.4697E+03
  1.5000E+01  2.8000E+01  2.3375E+03
  1.5000E+01  2.9000E+01  2.2124E+03
  1.5000E+01  3.0000E+01  2.0940E+03
  1.5000E+01  3.1000E+01  1.9820E+03
  1.5000E+01  3.2000E+01  1.8759E+03
  1.5000E+01  3.3000E+01  1.7755E+03
  1.5000E+01  3.4000E+01  1.6805E+03
  1.5000E+01  3.5000E+01  1.5906E+03
  1.5000E+01  3.6000E+01  1.5054E+03
  1.5000E+01  3.7000E+01  1.4249E+03
  1.5000E+01  3.8000E+01  1.9155E+03
  1.5000E+01  3.9000E+01  2.8466E+03
  1.5000E+01  4.0000E+01  3.3388E+03
  1.5000E+01  4.1000E+01  3.3054E+03
  1.5000E+01  4.2000E+01  3.1609E+03
  1.5000E+01  4.3000E+01  2.9990E+03
  1.5000E+01  4.4000E+01  2.8401E+03
  1.5000E+01  4.5000E+01  2.6885E+03
  1.5000E+01  4.6000E+01  2.5447E+03
  1.5000E+01  4.7000E+01  2.4085E+03
  1.5000E+01  4.8000E+01  2.2796E+03
  1.5000E+01  4.9000E+01  2.1576E+03
  1.5000E+01  5.0000E+01  2.0422E+03
  1.5000E+01  5.1000E+01  1.9329E+03
  1.5000E+01  5.2000E+01  1.8294E+03
  1.5000E+01  5.3000E+01  1.7315E+03
  1.5000E+01  5.4000E+01  1.6389E+03
  1.5000E+01  5.5000E+01  1.5512E+03
  1.5000E+01  5.6000E+01  1.4682E+03
  1.5000E+01  5.7000E+01  1.3896E+03
  1.5000E+01  5.8000E+01  1.3152E+03
  1.5000E+01  5.9000E+01  1.2448E+03
  1.5000E+01  6.0000E+01  1.1782E+03
  1.5000E+01  6.1000E+01  1.1152E+03
  1.5000E+01  6.2000E+01  1.6224E+03
  1.5000E+01  6.3000E+01  2.5691E+03
  1.5000E+01  6.4000E+01  3.0762E+03
  1.5000E+01  6.5000E+01  3.0568E+03
  1.5000E+01  6.6000E+01  2.9256E+03
  1.5000E+01  6.7000E+01  2.7763E+03
  1.5000E+01  6.8000E+01  2.6293E+03
  1.5000E+01  6.9000E+01  2.4890E+03
  1.5000E+01  7.0000E+01  2.3559E+03
  1.5000E+01  7.1000E+01  2.2298E+03
  1.5000E+01  7.2000E+01  2.1105E+03
  1.5000E+01  7.3000E+01  1.9976E+03
  1.5000E+01  7.4000E+01  1.8907E+03
  1.5000E+01  7.5000E+01  1.7895E+03
  1.5000E+01  7.6000E+01  1.6937E+03
  1.5000E+01  7.7000E+01  1.6031E+03
  1.5000E+01  7.8000E+01  1.5173E+03
  1.5000E+01  7.9000E+01  1.4361E+03
  1.5000E+01  8.0000E+01  1.3592E+03
  1.5000E+01  8.1000E+01  1.2865E+03
  1.5000E+01  8.2000E+01  1.2177E+03
  1.5000E+01  8.3000E+01  1.1525E+03
  1.5000E+01  8.4000E+01  1.0908E+03
  1.5000E+01  8.5000E+01  1.0324E+03
  1.5000E+01  8.6000E+01  9.7719E+02
  1.5000E+01  8.7000E+01  9.2489E+02
  1.5000E+01  8.8000E+01  8.7540E+02
  1.5000E+01  8.9000E+01  8.2855E+02
  1.5000E+01  9.0000E+01  7.8421E+02
  1.5000E+01  9.1000E+01  7.4225E+02
  1.5000E+01  9.2000E+01  7.0252E+02
  1.5000E+01  9.3000E+01  6.6493E+02
  1.5000E+01  9.4000E+01  6.2934E+02
  1.5000E+01  9.5000E+01  5.9567E+02
  1.5000E+01  9.6000E+01  5.6379E+02
  1.5000E+01  9.7000E+01  5.3362E+02
  1.5000E+01  9.8000E+01  5.0506E+02
  1.5000E+01  9.9000E+01  4.7803E+02
  1.5000E+01  1.0000E+02  4.5245E+02
  1.5000E+01  1.0100E+02  4.2824E+02
  1.5000E+01  1.0200E+02  4.0532E+02
  1.5000E+01  1.0300E+02  3.8363E+02
  1.5000E+01  1.0400E+02  3.6310E+02
  1.5000E+01  1.0500E+02  3.4367E+02
  1.5000E+01  1.0600E+02  3.2528E+02
  1.5000E+01  1.0700E+02  3.0787E+02
  1.5000E+01  1.0800E+02  2.9139E+02
  1.5000E+01  1.0900E+02  2.7580E+02
  1.5000E+01  1.1000E+02  2.6104E+02
  1.5000E+01  1.1100E+02  2.4707E+02
  1.5000E+01  1.1200E+02  2.3385E+02
  1.5000E+01  1.1300E+02  2.2134E+02
  1.5000E+01  1.1400E+02  2.0949E+02
  1.5000E+01  1.1500E+02  1.9828E+02
  1.5000E+01  1.1600E+02  1.8767E+02
  1.5000E+01  1.1700E+02  1.7763E+02
  1.5000E+01  1.1800E+02  1.6812E+02
  1.5000E+01  1.1900E+02  1.5912E+02
  1.5000E+01  1.2000E+02  1.5061E+02
  1.5000E+01  1.2100E+02  1.4255E+02
  1.5000E+01  1.2200E+02  1.3492E+02
  1.5000E+01  1.2300E+02  1.2770E+02
  1.5000E+01  1.2400E+02  1.2087E+02
  1.5000E+01  1.2500E+02  1.1440E+02
  1.5000E+01  1.2600E+02  1.0828E+02
  1.5000E+01  1.2700E+02  1.0248E+02
  1.5000E+01  1.2800E+02  9.6997E+01
  1.5000E+01  1.2900E+02  9.1806E+01
  1.5000E+01  1.3000E+02  8.6893E+01
  1.6000E+01  0.0000E+00  0.0000E+00
  1.6000E+01  0.0000E+00  0.0000E+00
  1.6000E+01  1.0000E+00  0.0000E+00
  1.6000E+01  2.0000E+00  0.0000E+00
  1.6000E+01  3.0000E+00  0.0000E+00
  1.6000E+01  4.0000E+00  0.0000E+00
  1.6000E+01  5.0000E+00  0.0000E+00
  1.6000E+01  6.0000E+00  3.2974E+02
  1.6000E+01  7.0000E+00  6.4183E+02
  1.6000E+01  8.0000E+00  9.3722E+02
  1.6000E+01  9.0000E+00  1.2168E+03
  1.6000E+01  1.0000E+01  1.4814E+03
  1.6000E+01  1.1000E+01  1.7319E+03
  1.6000E+01  1.2000E+01  1.9689E+03
  1.6000E+01  1.3000E+01  2.1933E+03
  1.6000E+01  1.4000E+01  2.4057E+03
  1.6000E+01  1.5000E+01  2.2769E+03
  1.6000E+01  1.6000E+01  2.1551E+03
  1.6000E+01  1.7000E+01  2.0398E+03
  1.6000E+01  1.8000E+01  1.9306E+03
  1.6000E+01  1.9000E+01  1.8273E+03
  1.6000E+01  2.0000E+01  1.7295E+03
  1.6000E+01  2.1000E+01  1.6369E+03
  1.6000E+01  2.2000E+01  1.5493E+03
  1.6000E+01  2.3000E+01  1.4664E+03
  1.6000E+01  2.4000E+01  1.3880E+03
  1.6000E+01  2.5000E+01  1.3137E+03
  1.6000E+01  2.6000E+01  1.2434E+03
  1.6000E+01  2.7000E+01  1.1768E+03
  1.6000E+01  2.8000E+01  1.1139E+03
  1.6000E+01  2.9000E+01  1.0543E+03
  1.6000E+01  3.0000E+01  1.3276E+03
  1.6000E+01  3.1000E+01  1.5863E+03
  1.6000E+01  3.2000E+01  1.8311E+03
  1.6000E+01  3.3000E+01  2.0629E+03
  1.6000E+01  3.4000E+01  2.2822E+03
  1.6000E+01  3.5000E+01  2.4898E+03
  1.6000E+01  3.6000E+01  2.6863E+03
  1.6000E+01  3.7000E+01  2.8723E+03
  1.6000E+01  3.8000E+01  3.0483E+03
  1.6000E+01  3.9000E+01  2.8852E+03
  1.6000E+01  4.0000E+01  2.7308E+03
  1.6000E+01  4.1000E+01  2.5846E+03
  1.6000E+01  4.2000E+01  2.4463E+03
  1.6000E+01  4.3000E+01  2.3154E+03
  1.6000E+01  4.4000E+01  2.1915E+03
  1.6000E+01  4.5000E+01  2.0742E+03
  1.6000E+01  4.6000E+01  1.9632E+03
  1.6000E+01  4.7000E+01  1.8582E+03
  1.6000E+01  4.8000E+01  1.7587E+03
  1.6000E+01  4.9000E+01  1.6646E+03
  1.6000E+01  5.0000E+01  1.5755E+03
  1.6000E+01  5.1000E+01  1.4912E+03
  1.6000E+01  5.2000E+01  1.4114E+03
  1.6000E+01  5.3000E+01  1.3359E+03
  1.6000E+01  5.4000E+01  1.5941E+03
  1.6000E+01  5.5000E+01  1.8386E+03
  1.6000E+01  5.6000E+01  2.0699E+03
  1.6000E+01  5.7000E+01  2.2889E+03
  1.6000E+01  5.8000E+01  2.4961E+03
  1.6000E+01  5.9000E+01  2.6923E+03
  1.6000E+01  6.0000E+01  2.8779E+03
  1.6000E+01  6.1000E+01  3.0537E+03
  1.6000E+01  6.2000E+01  3.2200E+03
  1.6000E+01  6.3000E+01  3.0477E+03
  1.6000E+01  6.4000E+01  2.8846E+03
  1.6000E+01  6.5000E+01  2.7302E+03
  1.6000E+01  6.6000E+01  2.5841E+03
  1.6000E+01  6.7000E+01  2.4458E+03
  1.6000E+01  6.8000E+01  2.3149E+03
  1.6000E+01  6.9000E+01  2.1910E+03
  1.6000E+01  7.0000E+01  2.0738E+03
  1.6000E+01  7.1000E+01  1.9628E+03
  1.6000E+01  7.2000E+01  1.8578E+03
  1.6000E+01  7.3000E+01  1.7584E+03
  1.6000E+01  7.4000E+01  1.6643E+03
  1.6000E+01  7.5000E+01  1.5752E+03
  1.6000E+01  7.6000E+01  1.4909E+03
  1.6000E+01  7.7000E+01  1.4111E+03
  1.6000E+01  7.8000E+01  1.6653E+03
  1.6000E+01  7.9000E+01  1.9060E+03
  1.6000E+01  8.0000E+01  2.1337E+03
  1.6000E+01  8.1000E+01  2.3492E+03
  1.6000E+01  8.2000E+01  2.5533E+03
  1.6000E+01  8.3000E+01  2.7464E+03
  1.6000E+01  8.4000E+01  2.9291E+03
  1.6000E+01  8.5000E+01  3.1021E+03
  1.6000E+01  8.6000E+01  3.2658E+03
  1.6000E+01  8.7000E+01  3.0911E+03
  1.6000E+01  8.8000E+01  2.9257E+03
  1.6000E+01  8.9000E+01  2.7691E+03
  1.6000E+01  9.0000E+01  2.6209E+03
  1.6000E+01  9.1000E+01  2.4806E+03
  1.6000E+01  9.2000E+01  2.3479E+03
  1.6000E+01  9.3000E+01  2.2222E+03
  1.6000E+01  9.4000E+01  2.1033E+03
  1.6000E+01  9.5000E+01  1.9908E+03
  1.6000E+01  9.6000E+01  1.8842E+03
  1.6000E+01  9.7000E+01  1.7834E+03
  1.6000E+01  9.8000E+01  1.6880E+03
  1.6000E+01  9.9000E+01  1.5976E+03
  1.6000E+01  1.0000E+02  1.5121E+03
  1.6000E+01  1.0100E+02  1.4312E+03
  1.6000E+01  1.0200E+02  1.3546E+03
  1.6000E+01  1.0300E+02  1.2821E+03
  1.6000E+01  1.0400E+02  1.2135E+03
  1.6000E+01  1.0500E+02  1.1486E+03
  1.6000E+01  1.0600E+02  1.0871E+03
  1.6000E+01  1.0700E+02  1.0289E+03
  1.6000E+01  1.0800E+02  9.7387E+02
  1.6000E+01  1.0900E+02  9.2175E+02
  1.6000E+01  1.1000E+02  8.7242E+02
  1.6000E+01  1.1100E+02  8.2574E+02
  1.6000E+01  1.1200E+02  7.8155E+02
  1.6000E+01  1.1300E+02  7.3972E+02
  1.6000E+01  1.1400E+02  7.0014E+02
  1.6000E+01  1.1500E+02  6.6267E+02
  1.6000E+01  1.1600E+02  6.2721E+02
  1.6000E+01  1.1700E+02  5.9364E+02
  1.6000E+01  1.1800E+02  5.6187E+02
  1.6000E+01  1.1900E+02  5.3180E+02
  1.6000E+01  1.2000E+02  5.0334E+02
  1.6000E+01  1.2100E+02  4.7641E+02
  1.6000E+01  1.2200E+02  4.5091E+02
  1.6000E+01  1.2300E+02  4.2678E+02
  1.6000E+01  1.2400E+02  4.0394E+02
  1.6000E+01  1.2500E+02  3.8233E+02
  1.6000E+01  1.2600E+02  3.6187E+02
  1.6000E+01  1.2700E+02  3.4250E+02
  1.6000E+01  1.2800E+02  3.2417E+02
  1.6000E+01  1.2900E+02  3.0682E+02
  1.6000E+01  1.3000E+02  2.9040E+02
  1.7000E+01  0.0000E+00  1.4385E+03
  1.7000E+01  0.0000E+00  1.4385E+03
  1.7000E+01  1.0000E+00  1.6913E+03
  1.7000E+01  2.0000E+00  1.9305E+03
  1.7000E+01  3.0000E+00  2.1569E+03
  1.7000E+01  4.0000E+00  2.3713E+03
  1.7000E+01  5.0000E+00  2.5741E+03
  1.7000E+01  6.0000E+00  2.7661E+03
  1.7000E+01  7.0000E+00  2.9478E+03
  1.7000E+01  8.0000E+00  3.1198E+03
  1.7000E+01  9.0000E+00  3.2826E+03
  1.7000E+01  1.0000E+01  3.1069E+03
  1.7000E+01  1.1000E+01  2.9406E+03
  1.7000E+01  1.2000E+01  2.7833E+03
  1.7000E+01  1.3000E+01  2.6343E+03
  1.7000E+01  1.4000E+01  2.4933E+03
  1.7000E+01  1.5000E+01  2.3599E+03
  1.7000E+01  1.6000E+01  2.2336E+03
  1.7000E+01  1.7000E+01  2.1141E+03
  1.7000E+01  1.8000E+01  2.0010E+03
  1.7000E+01  1.9000E+01  1.8939E+03
  1.7000E+01  2.0000E+01  1.7925E+03
  1.7000E+01  2.1000E+01  1.6966E+03
  1.7000E+01  2.2000E+01  1.6058E+03
  1.7000E+01  2.3000E+01  1.5199E+03
  1.7000E+01  2.4000E+01  1.4385E+03
  1.7000E+01  2.5000E+01  1.6913E+03
  1.7000E+01  2.6000E+01  1.9305E+03
  1.7000E+01  2.7000E+01  2.1569E+03
  1.7000E+01  2.8000E+01  2.3713E+03
  1.7000E+01  2.9000E+01  2.5741E+03
  1.7000E+01  3.0000E+01  2.7661E+03
  1.7000E+01  3.1000E+01  2.9478E+03
  1.7000E+01  3.2000E+01  3.1198E+03
  1.7000E+01  3.3000E+01  3.2826E+03
  1.7000E+01  3.4000E+01  3.1069E+03
  1.7000E+01  3.5000E+01  2.9406E+03
  1.7000E+01  3.6000E+01  2.7833E+03
  1.7000E+01  3.7000E+01  2.6343E+03
  1.7000E+01  3.8000E+01  2.4933E+03
  1.7000E+01  3.9000E+01  2.3599E+03
  1.7000E+01  4.0000E+01  2.2336E+03
  1.7000E+01  4.1000E+01  2.1141E+03
  1.7000E+01  4.2000E+01  2.0010E+03
  1.7000E+01  4.3000E+01  1.8939E+03
  1.7000E+01  4.4000E+01  1.7925E+03
  1.7000E+01  4.5000E+01  1.6966E+03
  1.7000E+01  4.6000E+01  1.6058E+03
  1.7000E+01  4.7000E+01  1.5199E+03
  1.7000E+01  4.8000E+01  1.4385E+03
  1.7000E+01  4.9000E+01  1.6913E+03
  1.7000E+01  5.0000E+01  1.9305E+03
  1.7000E+01  5.1000E+01  2.1569E+03
  1.7000E+01  5.2000E+01  2.3713E+03
  1.7000E+01  5.3000E+01  2.5741E+03
  1.7000E+01  5.4000E+01  2.7661E+03
  1.7000E+01  5.5000E+01  2.9478E+03
  1.7000E+01  5.6000E+01  3.1198E+03
  1.7000E+01  5.7000E+01  3.2826E+03
  1.7000E+01  5.8000E+01  3.1069E+03
  1.7000E+01  5.9000E+01  2.9406E+03
  1.7000E+01  6.0000E+01  2.7833E+03
  1.7000E+01  6.1000E+01  2.6343E+03
  1.7000E+01  6.2000E+01  2.4933E+03
  1.7000E+01  6.3000E+01  2.3599E+03
  1.7000E+01  6.4000E+01  2.2336E+03
  1.7000E+01  6.5000E+01  2.1141E+03
  1.7000E+01  6.6000E+01  2.0010E+03
  1.7000E+01  6.7000E+01  1.8939E+03
  1.7000E+01  6.8000E+01  1.7925E+03
  1.7000E+01  6.9000E+01  1.6966E+03
  1.7000E+01  7.0000E+01  1.6058E+03
  1.7000E+01  7.1000E+01  1.5199E+03
  1.7000E+01  7.2000E+01  1.4385E+03
  1.7000E+01  7.3000E+01  1.6913E+03
  1.7000E+01  7.4000E+01  1.9305E+03
  1.7000E+01  7.5000E+01  2.1569E+03
  1.7000E+01  7.6000E+01  2.3713E+03
  1.7000E+01  7.7000E+01  2.5741E+03
  1.7000E+01  7.8000E+01  2.7661E+03
  1.7000E+01  7.9000E+01  2.9478E+03
  1.7000E+01  8.0000E+01  3.1198E+03
  1.7000E+01  8.1000E+01  3.2826E+03
  1.7000E+01  8.2000E+01  3.1069E+03
  1.7000E+01  8.3000E+01  2.9406E+03
  1.7000E+01  8.4000E+01  2.7833E+03
  1.7000E+01  8.5000E+01  2.6343E+03
  1.7000E+01  8.6000E+01  2.4933E+03
  1.7000E+01  8.7000E+01  2.3599E+03
  1.7000E+01  8.8000E+01  2.2336E+03
  1.7000E+01  8.9000E+01  2.1141E+03
  1.7000E+01  9.0000E+01  2.0010E+03
  1.7000E+01  9.1000E+01  1.8939E+03
  1.7000E+01  9.2000E+01  1.7925E+03
  1.7000E+01  9.3000E+01  1.6966E+03
  1.7000E+01  9.4000E+01  1.6058E+03
  1.7000E+01  9.5000E+01  1.5199E+03
  1.7000E+01  9.6000E+01  1.4385E+03
  1.7000E+01  9.7000E+01  1.3616E+03
  1.7000E+01  9.8000E+01  1.2887E+03
  1.7000E+01  9.9000E+01  1.2197E+03
  1.7000E+01  1.0000E+02  1.1545E+03
  1.7000E+01  1.0100E+02  1.0927E+03
  1.7000E+01  1.0200E+02  1.0342E+03
  1.7000E+01  1.0300E+02  9.7885E+02
  1.7000E+01  1.0400E+02  9.2647E+02
  1.7000E+01  1.0500E+02  8.7689E+02
  1.7000E+01  1.0600E+02  8.2996E+02
  1.7000E+01  1.0700E+02  7.8555E+02
  1.7000E+01  1.0800E+02  7.4351E+02
  1.7000E+01  1.0900E+02  7.0372E+02
  1.7000E+01  1.1000E+02  6.6606E+02
  1.7000E+01  1.1100E+02  6.3042E+02
  1.7000E+01  1.1200E+02  5.9668E+02
  1.7000E+01  1.1300E+02  5.6475E+02
  1.7000E+01  1.1400E+02  5.3453E+02
  1.7000E+01  1.1500E+02  5.0592E+02
  1.7000E+01  1.1600E+02  4.7885E+02
  1.7000E+01  1.1700E+02  4.5322E+02
  1.7000E+01  1.1800E+02  4.2897E+02
  1.7000E+01  1.1900E+02  4.0601E+02
  1.7000E+01  1.2000E+02  3.8428E+02
  1.7000E+01  1.2100E+02  3.6372E+02
  1.7000E+01  1.2200E+02  3.4425E+02
  1.7000E+01  1.2300E+02  3.2583E+02
  1.7000E+01  1.2400E+02  3.0839E+02
  1.7000E+01  1.2500E+02  2.9189E+02
  1.7000E+01  1.2600E+02  2.7627E+02
  1.7000E+01  1.2700E+02  2.6149E+02
  1.7000E+01  1.2800E+02  2.4749E+02
  1.7000E+01  1.2900E+02  2.3425E+02
  1.7000E+01  1.3000E+02  2.2171E+02
  1.8000E+01  0.0000E+00  0.0000E+00
  1.8000E+01  0.0000E+00  0.0000E+00
  1.8000E+01  1.0000E+00  1.1810E+03
  1.8000E+01  2.0000E+00  3.2711E+03
  1.8000E+01  3.0000E+00  4.2852E+03
  1.8000E+01  4.0000E+00  4.3212E+03
  1.8000E+01  5.0000E+00  4.1492E+03
  1.8000E+01  6.0000E+00  3.9403E+03
  1.8000E+01  7.0000E+00  3.7324E+03
  1.8000E+01  8.0000E+00  3.5333E+03
  1.8000E+01  9.0000E+00  3.3444E+03
  1.8000E+01  1.0000E+01  3.1654E+03
  1.8000E+01  1.1000E+01  2.9961E+03
  1.8000E+01  1.2000E+01  2.8357E+03
  1.8000E+01  1.3000E+01  3.8650E+03
  1.8000E+01  1.4000E+01  5.8114E+03
  1.8000E+01  1.5000E+01  6.6896E+03
  1.8000E+01  1.6000E+01  6.5969E+03
  1.8000E+01  1.7000E+01  6.3031E+03
  1.8000E+01  1.8000E+01  5.9790E+03
  1.8000E+01  1.9000E+01  5.6620E+03
  1.8000E+01  2.0000E+01  5.3596E+03
  1.8000E+01  2.1000E+01  5.0730E+03
  1.8000E+01  2.2000E+01  4.8015E+03
  1.8000E+01  2.3000E+01  4.5446E+03
  1.8000E+01  2.4000E+01  4.3014E+03
  1.8000E+01  2.5000E+01  5.2522E+03
  1.8000E+01  2.6000E+01  7.1244E+03
  1.8000E+01  2.7000E+01  7.9323E+03
  1.8000E+01  2.8000E+01  7.7731E+03
  1.8000E+01  2.9000E+01  7.4164E+03
  1.8000E+01  3.0000E+01  7.0327E+03
  1.8000E+01  3.1000E+01  6.6593E+03
  1.8000E+01  3.2000E+01  6.3036E+03
  1.8000E+01  3.3000E+01  5.9664E+03
  1.8000E+01  3.4000E+01  5.6471E+03
  1.8000E+01  3.5000E+01  5.3449E+03
  1.8000E+01  3.6000E+01  5.0589E+03
  1.8000E+01  3.7000E+01  4.7882E+03
  1.8000E+01  3.8000E+01  4.5319E+03
  1.8000E+01  3.9000E+01  4.2894E+03
  1.8000E+01  4.0000E+01  4.0599E+03
  1.8000E+01  4.1000E+01  3.8426E+03
  1.8000E+01  4.2000E+01  3.6370E+03
  1.8000E+01  4.3000E+01  3.4423E+03
  1.8000E+01  4.4000E+01  3.2581E+03
  1.8000E+01  4.5000E+01  3.0838E+03
  1.8000E+01  4.6000E+01  2.9187E+03
  1.8000E+01  4.7000E+01  2.7625E+03
  1.8000E+01  4.8000E+01  2.6147E+03
  1.8000E+01  4.9000E+01  2.4748E+03
  1.8000E+01  5.0000E+01  0.0000E+00
  1.8000E+01  5.0000E+01  0.0000E+00
  1.8000E+01  5.1000E+01  4.5053E+03
  1.8000E+01  5.2000E+01  5.2695E+03
  1.8000E+01  5.3000E+01  5.2118E+03
  1.8000E+01  5.4000E+01  4.9829E+03
  1.8000E+01  5.5000E+01  4.7275E+03
  1.8000E+01  5.6000E+01  4.4770E+03
  1.8000E+01  5.7000E+01  4.2379E+03
  1.8000E+01  5.8000E+01  4.0113E+03
  1.8000E+01  5.9000E+01  3.7966E+03
  1.8000E+01  6.0000E+01  3.5935E+03
  1.8000E+01  6.1000E+01  3.4012E+03
  1.8000E+01  6.2000E+01  3.2191E+03
  1.8000E+01  6.3000E+01  7.5522E+03
  1.8000E+01  6.4000E+01  8.1533E+03
  1.8000E+01  6.5000E+01  7.9413E+03
  1.8000E+01  6.6000E+01  7.5664E+03
  1.8000E+01  6.7000E+01  7.1726E+03
  1.8000E+01  6.8000E+01  6.7913E+03
  1.8000E+01  6.9000E+01  6.4284E+03
  1.8000E+01  7.0000E+01  6.0845E+03
  1.8000E+01  7.1000E+01  5.7589E+03
  1.8000E+01  7.2000E+01  5.4507E+03
  1.8000E+01  7.3000E+01  5.1590E+03
  1.8000E+01  7.4000E+01  4.8830E+03
  1.8000E+01  7.5000E+01  9.1270E+03
  1.8000E+01  7.6000E+01  9.6438E+03
  1.8000E+01  7.7000E+01  9.3520E+03
  1.8000E+01  7.8000E+01  8.9016E+03
  1.8000E+01  7.9000E+01  8.4364E+03
  1.8000E+01  8.0000E+01  7.9874E+03
  1.8000E+01  8.1000E+01  7.5605E+03
  1.8000E+01  8.2000E+01  7.1561E+03
  1.8000E+01  8.3000E+01  6.7731E+03
  1.8000E+01  8.4000E+01  6.4107E+03
  1.8000E+01  8.5000E+01  6.0676E+03
  1.8000E+01  8.6000E+01  5.7429E+03
  1.8000E+01  8.7000E+01  9.9409E+03
  1.8000E+01  8.8000E+01  1.0414E+04
  1.8000E+01  8.9000E+01  1.0081E+04
  1.8000E+01  9.0000E+01  9.5917E+03
  1.8000E+01  9.1000E+01  9.0896E+03
  1.8000E+01  9.2000E+01  8.6057E+03
  1.8000E+01  9.3000E+01  8.1457E+03
  1.8000E+01  9.4000E+01  7.7099E+03
  1.8000E+01  9.5000E+01  7.2973E+03
  1.8000E+01  9.6000E+01  6.9068E+03
  1.8000E+01  9.7000E+01  6.5372E+03
  1.8000E+01  9.8000E+01  6.1874E+03
  1.8000E+01  9.9000E+01  5.8563E+03
  1.8000E+01  1.0000E+02  5.5429E+03
  1.8000E+01  1.0100E+02  5.2462E+03
  1.8000E+01  1.0200E+02  4.9655E+03
  1.8000E+01  1.0300E+02  4.6998E+03
  1.8000E+01  1.0400E+02  4.4482E+03
  1.8000E+01  1.0500E+02  4.2102E+03
  1.8000E+01  1.0600E+02  3.9849E+03
  1.8000E+01  1.0700E+02  3.7716E+03
  1.8000E+01  1.0800E+02  3.5698E+03
  1.8000E+01  1.0900E+02  3.3788E+03
  1.8000E+01  1.1000E+02  3.1980E+03
  1.8000E+01  1.1100E+02  3.0268E+03
  1.8000E+01  1.1200E+02  2.8648E+03
  1.8000E+01  1.1300E+02  2.7115E+03
  1.8000E+01  1.1400E+02  2.5664E+03
  1.8000E+01  1.1500E+02  2.4291E+03
  1.8000E+01  1.1600E+02  2.2991E+03
  1.8000E+01  1.1700E+02  2.1760E+03
  1.8000E+01  1.1800E+02  2.0596E+03
  1.8000E+01  1.1900E+02  1.9494E+03
  1.8000E+01  1.2000E+02  1.8451E+03
  1.8000E+01  1.2100E+02  1.7463E+03
  1.8000E+01  1.2200E+02  1.6529E+03
  1.8000E+01  1.2300E+02  1.5644E+03
  1.8000E+01  1.2400E+02  1.4807E+03
  1.8000E+01  1.2500E+02  1.4015E+03
  1.8000E+01  1.2600E+02  1.3265E+03
  1.8000E+01  1.2700E+02  1.2555E+03
  1.8000E+01  1.2800E+02  1.1883E+03
  1.8000E+01  1.2900E+02  1.1247E+03
  1.8000E+01  1.3000E+02  1.0645E+03
  1.9000E+01  0.0000E+00  0.0000E+00
  1.9000E+01  0.0000E+00  0.0000E+00
  1.9000E+01  1.0000E+00  1.1810E+03
  1.9000E+01  2.0000E+00  3.2711E+03
  1.9000E+01  3.0000E+00  4.2852E+03
  1.9000E+01  4.0000E+00  4.3212E+03
  1.9000E+01  5.0000E+00  4.1492E+03
  1.9000E+01  6.0000E+00  3.9403E+03
  1.9000E+01  7.0000E+00  3.7324E+03
  1.9000E+01  8.0000E+00  3.5333E+03
  1.9000E+01  9.0000E+00  3.3444E+03
  1.9000E+01  1.0000E+01  3.1654E+03
  1.9000E+01  1.1000E+01  2.9961E+03
  1.9000E+01  1.2000E+01  2.8357E+03
  1.9000E+01  1.3000E+01  3.8650E+03
  1.9000E+01  1.4000E+01  5.8114E+03
  1.9000E+01  1.5000E+01  6.6896E+03
  1.9000E+01  1.6000E+01  6.5969E+03
  1.9000E+01  1.7000E+01  6.3031E+03
  1.9000E+01  1.8000E+01  5.9790E+03
  1.9000E+01  1.9000E+01  5.6620E+03
  1.9000E+01  2.0000E+01  5.3596E+03
  1.9000E+01  2.1000E+01  5.0730E+03
  1.9000E+01  2.2000E+01  4.8015E+03
  1.9000E+01  2.3000E+01  4.5446E+03
  1.9000E+01  2.4000E+01  4.3014E+03
  1.9000E+01  2.5000E+01  5.2522E+03
  1.9000E+01  2.6000E+01  7.1244E+03
  1.9000E+01  2.7000E+01  7.9323E+03
  1.9000E+01  2.8000E+01  7.7731E+03
  1.9000E+01  2.9000E+01  7.4164E+03
  1.9000E+01  3.0000E+01  7.0327E+03
  1.9000E+01  3.1000E+01  6.6593E+03
  1.9000E+01  3.2000E+01  6.3036E+03
  1.9000E+01  3.3000E+01  5.9664E+03
  1.9000E+01  3.4000E+01  5.6471E+03
  1.9000E+01  3.5000E+01  5.3449E+03
  1.9000E+01  3.6000E+01  5.0589E+03
  1.9000E+01  3.7000E+01  5.9692E+03
  1.9000E+01  3.8000E+01  7.8030E+03
  1.9000E+01  3.9000E+01  8.5746E+03
  1.9000E+01  4.0000E+01  8.3811E+03
  1.9000E+01  4.1000E+01  7.9918E+03
  1.9000E+01  4.2000E+01  7.5773E+03
  1.9000E+01  4.3000E+01  7.1747E+03
  1.9000E+01  4.4000E+01  6.7914E+03
  1.9000E+01  4.5000E+01  6.4281E+03
  1.9000E+01  4.6000E+01  6.0842E+03
  1.9000E+01  4.7000E+01  5.7586E+03
  1.9000E+01  4.8000E+01  5.4504E+03
  1.9000E+01  4.9000E+01  5.1587E+03
  1.9000E+01  5.0000E+01  0.0000E+00
  1.9000E+01  5.0000E+01  0.0000E+00
  1.9000E+01  5.1000E+01  0.0000E+00
  1.9000E+01  5.2000E+01  0.0000E+00
  1.9000E+01  5.3000E+01  0.0000E+00
  1.9000E+01  5.4000E+01  0.0000E+00
  1.9000E+01  5.4000E+01  0.0000E+00
  1.9000E+01  5.5000E+01  4.5053E+03
  1.9000E+01  5.6000E+01  5.2695E+03
  1.9000E+01  5.7000E+01  5.2118E+03
  1.9000E+01  5.8000E+01  4.9829E+03
  1.9000E+01  5.9000E+01  4.7275E+03
  1.9000E+01  6.0000E+01  4.4770E+03
  1.9000E+01  6.1000E+01  4.2379E+03
  1.9000E+01  6.2000E+01  4.0113E+03
  1.9000E+01  6.3000E+01  3.7966E+03
  1.9000E+01  6.4000E+01  3.5935E+03
  1.9000E+01  6.5000E+01  3.4012E+03
  1.9000E+01  6.6000E+01  3.2191E+03
  1.9000E+01  6.7000E+01  3.0469E+03
  1.9000E+01  6.8000E+01  2.8838E+03
  1.9000E+01  6.9000E+01  2.7295E+03
  1.9000E+01  7.0000E+01  2.5834E+03
  1.9000E+01  7.1000E+01  6.9505E+03
  1.9000E+01  7.2000E+01  7.5838E+03
  1.9000E+01  7.3000E+01  7.4023E+03
  1.9000E+01  7.4000E+01  7.0562E+03
  1.9000E+01  7.5000E+01  6.6898E+03
  1.9000E+01  7.6000E+01  6.3342E+03
  1.9000E+01  7.7000E+01  5.9958E+03
  1.9000E+01  7.8000E+01  5.6751E+03
  1.9000E+01  7.9000E+01  5.3714E+03
  1.9000E+01  8.0000E+01  5.0840E+03
  1.9000E+01  8.1000E+01  4.8119E+03
  1.9000E+01  8.2000E+01  4.5544E+03
  1.9000E+01  8.3000E+01  4.3107E+03
  1.9000E+01  8.4000E+01  4.0800E+03
  1.9000E+01  8.5000E+01  3.8616E+03
  1.9000E+01  8.6000E+01  3.6550E+03
  1.9000E+01  8.7000E+01  7.9647E+03
  1.9000E+01  8.8000E+01  8.5438E+03
  1.9000E+01  8.9000E+01  8.3108E+03
  1.9000E+01  9.0000E+01  7.9161E+03
  1.9000E+01  9.1000E+01  7.5037E+03
  1.9000E+01  9.2000E+01  7.1046E+03
  1.9000E+01  9.3000E+01  6.7250E+03
  1.9000E+01  9.4000E+01  6.3652E+03
  1.9000E+01  9.5000E+01  6.0246E+03
  1.9000E+01  9.6000E+01  5.7022E+03
  1.9000E+01  9.7000E+01  5.3970E+03
  1.9000E+01  9.8000E+01  5.1082E+03
  1.9000E+01  9.9000E+01  4.8349E+03
  1.9000E+01  1.0000E+02  4.5761E+03
  1.9000E+01  1.0100E+02  4.3312E+03
  1.9000E+01  1.0200E+02  4.0994E+03
  1.9000E+01  1.0300E+02  3.8801E+03
  1.9000E+01  1.0400E+02  3.6724E+03
  1.9000E+01  1.0500E+02  3.4759E+03
  1.9000E+01  1.0600E+02  3.2899E+03
  1.9000E+01  1.0700E+02  3.1138E+03
  1.9000E+01  1.0800E+02  2.9472E+03
  1.9000E+01  1.0900E+02  2.7895E+03
  1.9000E+01  1.1000E+02  2.6402E+03
  1.9000E+01  1.1100E+02  2.4989E+03
  1.9000E+01  1.1200E+02  2.3652E+03
  1.9000E+01  1.1300E+02  2.2386E+03
  1.9000E+01  1.1400E+02  2.1188E+03
  1.9000E+01  1.1500E+02  2.0054E+03
  1.9000E+01  1.1600E+02  1.8981E+03
  1.9000E+01  1.1700E+02  1.7965E+03
  1.9000E+01  1.1800E+02  1.7004E+03
  1.9000E+01  1.1900E+02  1.6094E+03
  1.9000E+01  1.2000E+02  1.5233E+03
  1.9000E+01  1.2100E+02  1.4417E+03
  1.9000E+01  1.2200E+02  1.3646E+03
  1.9000E+01  1.2300E+02  1.2916E+03
  1.9000E+01  1.2400E+02  1.2224E+03
  1.9000E+01  1.2500E+02  1.1570E+03
  1.9000E+01  1.2600E+02  1.0951E+03
  1.9000E+01  1.2700E+02  1.0365E+03
  1.9000E+01  1.2800E+02  9.8103E+02
  1.9000E+01  1.2900E+02  9.2853E+02
  1.9000E+01  1.3000E+02  8.7884E+02
  2.0000E+01  0.0000E+00  1.8919E+03
  2.0000E+01  0.0000E+00  1.8919E+03
  2.0000E+01  1.0000E+00  5.5451E+03
  2.0000E+01  2.0000E+00  6.0861E+03
  2.0000E+01  3.0000E+00  5.9473E+03
  2.0000E+01  4.0000E+00  5.6708E+03
  2.0000E+01  5.0000E+00  5.3766E+03
  2.0000E+01  6.0000E+00  5.0909E+03
  2.0000E+01  7.0000E+00  4.8190E+03
  2.0000E+01  8.0000E+00  4.5612E+03
  2.0000E+01  9.0000E+00  4.3171E+03
  2.0000E+01  1.0000E+01  4.0861E+03
  2.0000E+01  1.1000E+01  3.8674E+03
  2.0000E+01  1.2000E+01  4.6064E+03
  2.0000E+01  1.2000E+01  4.6064E+03
  2.0000E+01  1.3000E+01  6.2371E+03
  2.0000E+01  1.4000E+01  6.3222E+03
  2.0000E+01  1.5000E+01  6.0773E+03
  2.0000E+01  1.6000E+01  5.7730E+03
  2.0000E+01  1.7000E+01  5.4687E+03
  2.0000E+01  1.8000E+01  5.1771E+03
  2.0000E+01  1.9000E+01  4.9002E+03
  2.0000E+01  2.0000E+01  4.6381E+03
  2.0000E+01  2.1000E+01  4.3899E+03
  2.0000E+01  2.2000E+01  4.1549E+03
  2.0000E+01  2.3000E+01  3.9326E+03
  2.0000E+01  2.4000E+01  3.7221E+03
  2.0000E+01  2.5000E+01  7.2774E+03
  2.0000E+01  2.6000E+01  7.7257E+03
  2.0000E+01  2.7000E+01  7.4992E+03
  2.0000E+01  2.8000E+01  7.1395E+03
  2.0000E+01  2.9000E+01  6.7668E+03
  2.0000E+01  3.0000E+01  6.4067E+03
  2.0000E+01  3.1000E+01  6.0643E+03
  2.0000E+01  3.2000E+01  5.7399E+03
  2.0000E+01  3.3000E+01  5.4328E+03
  2.0000E+01  3.4000E+01  5.1420E+03
  2.0000E+01  3.5000E+01  4.8669E+03
  2.0000E+01  3.6000E+01  4.6064E+03
  2.0000E+01  3.7000E+01  6.2371E+03
  2.0000E+01  3.8000E+01  6.3222E+03
  2.0000E+01  3.9000E+01  6.0773E+03
  2.0000E+01  4.0000E+01  5.7730E+03
  2.0000E+01  4.1000E+01  5.4687E+03
  2.0000E+01  4.2000E+01  5.1771E+03
  2.0000E+01  4.3000E+01  4.9002E+03
  2.0000E+01  4.4000E+01  4.6381E+03
  2.0000E+01  4.5000E+01  4.3899E+03
  2.0000E+01  4.6000E+01  4.1549E+03
  2.0000E+01  4.7000E+01  3.9326E+03
  2.0000E+01  4.8000E+01  3.7221E+03
  2.0000E+01  4.9000E+01  7.2774E+03
  2.0000E+01  5.0000E+01  7.7257E+03
  2.0000E+01  5.1000E+01  7.4992E+03
  2.0000E+01  5.2000E+01  7.1395E+03
  2.0000E+01  5.3000E+01  6.7668E+03
  2.0000E+01  5.4000E+01  6.4067E+03
  2.0000E+01  5.5000E+01  6.0643E+03
  2.0000E+01  5.6000E+01  5.7399E+03
  2.0000E+01  5.7000E+01  5.4328E+03
  2.0000E+01  5.8000E+01  5.1420E+03
  2.0000E+01  5.9000E+01  4.8669E+03
  2.0000E+01  6.0000E+01  4.6064E+03
  2.0000E+01  6.1000E+01  6.2371E+03
  2.0000E+01  6.2000E+01  6.3222E+03
  2.0000E+01  6.3000E+01  6.0773E+03
  2.0000E+01  6.4000E+01  5.7730E+03
  2.0000E+01  6.5000E+01  5.4687E+03
  2.0000E+01  6.6000E+01  5.1771E+03
  2.0000E+01  6.7000E+01  4.9002E+03
  2.0000E+01  6.8000E+01  4.6381E+03
  2.0000E+01  6.9000E+01  4.3899E+03
  2.0000E+01  7.0000E+01  4.1549E+03
  2.0000E+01  7.1000E+01  3.9326E+03
  2.0000E+01  7.2000E+01  3.7221E+03
  2.0000E+01  7.3000E+01  7.2774E+03
  2.0000E+01  7.4000E+01  7.7257E+03
  2.0000E+01  7.5000E+01  7.4992E+03
  2.0000E+01  7.6000E+01  7.1395E+03
  2.0000E+01  7.7000E+01  6.7668E+03
  2.0000E+01  7.8000E+01  6.4067E+03
  2.0000E+01  7.9000E+01  6.0643E+03
  2.0000E+01  8.0000E+01  5.7399E+03
  2.0000E+01  8.1000E+01  5.4328E+03
  2.0000E+01  8.2000E+01  5.1420E+03
  2.0000E+01  8.3000E+01  4.8669E+03
  2.0000E+01  8.4000E+01  4.6064E+03
  2.0000E+01  8.5000E+01  6.2371E+03
  2.0000E+01  8.6000E+01  6.3222E+03
  2.0000E+01  8.7000E+01  6.0773E+03
  2.0000E+01  8.8000E+01  5.7730E+03
  2.0000E+01  8.9000E+01  5.4687E+03
  2.0000E+01  9.0000E+01  5.1771E+03
  2.0000E+01  9.1000E+01  4.9002E+03
  2.0000E+01  9.2000E+01  4.6381E+03
  2.0000E+01  9.3000E+01  4.3899E+03
  2.0000E+01  9.4000E+01  4.1549E+03
  2.0000E+01  9.5000E+01  3.9326E+03
  2.0000E+01  9.6000E+01  3.7221E+03
  2.0000E+01  9.7000E+01  3.5230E+03
  2.0000E+01  9.8000E+01  3.3344E+03
  2.0000E+01  9.9000E+01  3.1560E+03
  2.0000E+01  1.0000E+02  2.9871E+03
  2.0000E+01  1.0100E+02  2.8272E+03
  2.0000E+01  1.0200E+02  2.6759E+03
  2.0000E+01  1.0300E+02  2.5327E+03
  2.0000E+01  1.0400E+02  2.3972E+03
  2.0000E+01  1.0500E+02  2.2689E+03
  2.0000E+01  1.0600E+02  2.1475E+03
  2.0000E+01  1.0700E+02  2.0326E+03
  2.0000E+01  1.0800E+02  1.9238E+03
  2.0000E+01  1.0900E+02  1.8208E+03
  2.0000E+01  1.1000E+02  1.7234E+03
  2.0000E+01  1.1100E+02  1.6312E+03
  2.0000E+01  1.1200E+02  1.5439E+03
  2.0000E+01  1.1300E+02  1.4613E+03
  2.0000E+01  1.1400E+02  1.3831E+03
  2.0000E+01  1.1500E+02  1.3090E+03
  2.0000E+01  1.1600E+02  1.2390E+03
  2.0000E+01  1.1700E+02  1.1727E+03
  2.0000E+01  1.1800E+02  1.1099E+03
  2.0000E+01  1.1900E+02  1.0505E+03
  2.0000E+01  1.2000E+02  9.9432E+02
  2.0000E+01  1.2100E+02  9.4110E+02
  2.0000E+01  1.2200E+02  8.9074E+02
  2.0000E+01  1.2300E+02  8.4307E+02
  2.0000E+01  1.2400E+02  7.9796E+02
  2.0000E+01  1.2500E+02  7.5525E+02
  2.0000E+01  1.2600E+02  7.1484E+02
  2.0000E+01  1.2700E+02  6.7658E+02
  2.0000E+01  1.2800E+02  6.4038E+02
  2.0000E+01  1.2900E+02  6.0611E+02
  2.0000E+01  1.3000E+02  5.7367E+02
